0.345901 0.043408 0.000010 0.610670 0.000010
0.210845 0.123394 0.000010 0.665741 0.000010
0.409560 0.008425 0.011789 0.570217 0.000010
0.377894 0.174397 0.000010 0.447689 0.000010
0.127964 0.486412 0.321728 0.026871 0.037025
0.229562 0.327756 0.000010 0.442662 0.000010
0.297846 0.130296 0.000010 0.571528 0.000320
0.205930 0.179938 0.000010 0.614112 0.000010
0.297296 0.106005 0.027596 0.569094 0.000010
0.251639 0.084945 0.000010 0.663396 0.000010
0.236323 0.129489 0.000010 0.634168 0.000010
0.377173 0.171603 0.000010 0.447601 0.003614
0.116588 0.500369 0.288895 0.063695 0.030452
0.283626 0.447987 0.052536 0.215840 0.000010
0.280344 0.145660 0.000010 0.572485 0.001501
0.262186 0.215826 0.003167 0.517700 0.001121
0.264701 0.116657 0.000010 0.613359 0.005273
0.189275 0.140533 0.000010 0.670173 0.000010
0.314304 0.069143 0.000010 0.616533 0.000010
0.273916 0.203967 0.015806 0.503981 0.002329
0.141952 0.531502 0.292814 0.000010 0.033723
0.247733 0.508680 0.054962 0.188614 0.000010
0.134737 0.701243 0.142159 0.012984 0.008877
0.272368 0.200864 0.003639 0.519628 0.003502
0.349747 0.059233 0.026717 0.559960 0.004343
0.276577 0.148859 0.000010 0.574042 0.000512
0.281812 0.111568 0.000010 0.606599 0.000010
0.266121 0.214979 0.008592 0.501566 0.008742
0.138861 0.517282 0.307100 0.000010 0.036747
0.256092 0.431153 0.042953 0.269793 0.000010
0.092236 0.772818 0.121348 0.012701 0.000897
0.303669 0.161603 0.000010 0.534708 0.000010
0.289573 0.108924 0.000807 0.600685 0.000010
0.176415 0.148060 0.000010 0.675505 0.000010
0.329490 0.065357 0.000010 0.605134 0.000010
0.256336 0.244137 0.000010 0.496126 0.003391
0.142195 0.529670 0.271354 0.036096 0.020685
0.184384 0.436365 0.037618 0.341623 0.000010
0.164673 0.710101 0.116210 0.000010 0.009005
0.268728 0.195059 0.000010 0.536193 0.000010
0.316792 0.120383 0.012375 0.547494 0.002957
0.184921 0.166141 0.000010 0.648918 0.000010
0.328296 0.080018 0.000010 0.591667 0.000010
0.214370 0.151378 0.000010 0.634233 0.000010
0.108488 0.597788 0.026932 0.248956 0.017836
0.271419 0.354855 0.044976 0.328740 0.000010
0.147986 0.751424 0.087758 0.000010 0.012821
0.204089 0.198761 0.000010 0.597130 0.000010
0.281941 0.121775 0.011244 0.585030 0.000010
0.219652 0.285887 0.000010 0.494441 0.000010
0.132049 0.505085 0.000010 0.362846 0.000010
0.233370 0.299538 0.018725 0.448357 0.000010
0.209300 0.273309 0.006763 0.510618 0.000010
0.192811 0.452999 0.050067 0.304113 0.000010
0.107033 0.729476 0.153719 0.000010 0.009762
0.238727 0.426549 0.049212 0.284283 0.001228
0.218406 0.164007 0.000010 0.617567 0.000010
0.200899 0.258997 0.000010 0.540085 0.000010
0.116362 0.426105 0.019593 0.437931 0.000010
0.224855 0.279983 0.011114 0.409506 0.074543
0.227889 0.280957 0.021930 0.469214 0.000010
0.327397 0.138601 0.000010 0.533981 0.000010
0.097357 0.761058 0.141565 0.000010 0.000010
0.244678 0.401993 0.041083 0.312236 0.000010
0.234012 0.179955 0.023728 0.559016 0.003290
0.220027 0.220357 0.000010 0.554306 0.005300
0.204193 0.371418 0.012843 0.411536 0.000010
0.204203 0.333252 0.000652 0.399839 0.062054
0.330260 0.288959 0.000010 0.380761 0.000010
0.227653 0.129167 0.000010 0.643160 0.000010
0.044657 0.468782 0.486541 0.000010 0.000010
0.112308 0.519222 0.012332 0.335951 0.020189
0.200288 0.201852 0.000010 0.597840 0.000010
0.242883 0.268407 0.000010 0.488690 0.000010
0.301965 0.280934 0.000010 0.413588 0.003503
0.177405 0.377114 0.000010 0.398992 0.046479
0.140266 0.336555 0.006877 0.516291 0.000010
0.313849 0.127056 0.000010 0.559074 0.000010
0.042984 0.410846 0.546150 0.000010 0.000010
0.172733 0.530081 0.014512 0.281160 0.001513
0.163179 0.198955 0.006253 0.631603 0.000010
0.223674 0.255513 0.000010 0.520793 0.000010
0.225392 0.298964 0.000010 0.473468 0.002166
0.238691 0.302572 0.040563 0.407833 0.010341
0.163134 0.332844 0.035073 0.468939 0.000010
0.358039 0.106701 0.000010 0.533380 0.001870
0.157926 0.429444 0.341316 0.071305 0.000010
0.188039 0.447292 0.038353 0.326306 0.000010
0.265782 0.091669 0.000010 0.642529 0.000010
0.174600 0.260860 0.013506 0.551024 0.000010
0.930680 0.000010 0.000010 0.069290 0.000010
0.215927 0.321919 0.017567 0.440016 0.004571
0.000010 0.000010 0.000010 0.999960 0.000010
0.356478 0.135066 0.000010 0.508436 0.000010
0.064043 0.361105 0.527716 0.000010 0.047126
0.240142 0.319143 0.000010 0.440696 0.000010
0.423083 0.139429 0.000010 0.437468 0.000010
0.183991 0.387861 0.006841 0.421297 0.000010
0.341435 0.160329 0.000010 0.498217 0.000010
0.186243 0.265463 0.276113 0.244304 0.027877
0.047993 0.411042 0.540945 0.000010 0.000010
0.104066 0.344896 0.530014 0.000010 0.021014
0.525955 0.082605 0.000010 0.391420 0.000010
0.377131 0.180416 0.000899 0.438809 0.002745
0.551239 0.096270 0.008653 0.343827 0.000010
0.156778 0.368873 0.000010 0.474329 0.000010
0.387247 0.125413 0.000010 0.487321 0.000010
0.131640 0.585503 0.127035 0.149514 0.006308
0.040927 0.469388 0.485955 0.000010 0.003721
0.074270 0.410293 0.475641 0.000010 0.039786
0.366285 0.085685 0.000010 0.548010 0.000010
0.265586 0.291877 0.003916 0.438610 0.000010
0.474272 0.134608 0.000010 0.391100 0.000010
0.178073 0.393391 0.000010 0.428517 0.000010
0.391766 0.130700 0.000010 0.476403 0.001121
0.153317 0.635170 0.073088 0.132841 0.005584
0.139308 0.411058 0.442579 0.007045 0.000010
0.085423 0.346132 0.536382 0.000010 0.032053
0.394523 0.081499 0.000010 0.523957 0.000010
0.285864 0.223352 0.000010 0.489514 0.001260
0.513428 0.132268 0.000010 0.349072 0.005222
0.219546 0.413343 0.000010 0.367090 0.000010
0.298942 0.114127 0.007701 0.579219 0.000010
0.184819 0.594070 0.053597 0.164537 0.002977
0.157295 0.426862 0.061635 0.354197 0.000010
0.072382 0.390385 0.495777 0.000010 0.041445
0.405122 0.108656 0.000010 0.486202 0.000010
0.361293 0.148156 0.000010 0.488409 0.002132
0.436895 0.135654 0.000010 0.425456 0.001984
0.261579 0.377053 0.000010 0.361349 0.000010
0.240792 0.075793 0.000010 0.683395 0.000010
0.088349 0.639429 0.078188 0.180123 0.013910
0.318102 0.304178 0.070964 0.304561 0.002196
0.425085 0.003727 0.000010 0.571168 0.000010
0.305666 0.168933 0.000010 0.525381 0.000010
0.123775 0.548659 0.014460 0.313095 0.000010
0.184136 0.446934 0.000010 0.361498 0.007422
0.223981 0.532461 0.000010 0.225151 0.018397
0.296605 0.092443 0.269094 0.329752 0.012106
0.124312 0.589414 0.120811 0.152985 0.012477
0.327332 0.300061 0.067669 0.297197 0.007742
0.424480 0.004830 0.000010 0.568769 0.001911
0.316655 0.162354 0.000010 0.520971 0.000010
0.132622 0.547281 0.018543 0.299462 0.002091
0.193804 0.447632 0.000010 0.351738 0.006816
0.230867 0.534173 0.000010 0.217832 0.017118
0.305043 0.110328 0.251958 0.320485 0.012187
0.122497 0.584519 0.130686 0.158494 0.003804
0.354067 0.151156 0.005890 0.488876 0.000010
0.404255 0.035843 0.000442 0.557604 0.001857
0.239789 0.295015 0.071507 0.393680 0.000010
0.211801 0.425775 0.000010 0.361069 0.001345
0.167411 0.438193 0.000010 0.394377 0.000010
0.117251 0.683085 0.019226 0.173458 0.006980
0.215106 0.214895 0.398004 0.138700 0.033295
0.253350 0.338846 0.000010 0.407784 0.000010
0.103223 0.350609 0.527778 0.000010 0.018381
0.328672 0.061176 0.000010 0.604973 0.005168
0.259645 0.115383 0.000010 0.623591 0.001371
0.159332 0.479602 0.011087 0.340850 0.009129
0.186180 0.440638 0.027693 0.333969 0.011520
0.158291 0.508351 0.045654 0.287694 0.000010
0.217691 0.231677 0.373679 0.146260 0.030693
0.312942 0.281490 0.000010 0.405548 0.000010
0.264099 0.319166 0.012073 0.404652 0.000010
0.337724 0.130897 0.019984 0.511385 0.000010
0.267556 0.207333 0.006780 0.518321 0.000010
0.109646 0.551032 0.008723 0.330589 0.000010
0.197650 0.420086 0.000010 0.367450 0.014804
0.147859 0.664828 0.000010 0.171078 0.016225
0.203545 0.281749 0.430788 0.066785 0.017133
0.297072 0.315354 0.000010 0.387554 0.000010
0.312527 0.283190 0.039509 0.360689 0.004086
0.400645 0.058331 0.000010 0.541004 0.000010
0.000010 0.000010 0.000010 0.999960 0.000010
0.138115 0.542652 0.000010 0.307541 0.011682
0.122715 0.445202 0.069907 0.352768 0.009407
0.087794 0.445540 0.000010 0.451980 0.014676
0.221110 0.428180 0.194732 0.155968 0.000010
0.138274 0.445508 0.376658 0.000010 0.039550
0.090512 0.170651 0.702167 0.000010 0.036660
0.024695 0.442496 0.520059 0.000010 0.012740
0.203197 0.438521 0.037878 0.320395 0.000010
0.128999 0.414979 0.018328 0.423590 0.014103
0.176436 0.431354 0.027319 0.359340 0.005550
0.122449 0.401091 0.412599 0.000010 0.063851
0.074522 0.159491 0.725868 0.000010 0.040109
0.242426 0.034206 0.000010 0.723347 0.000010
0.164943 0.499310 0.281776 0.031211 0.022760
0.269300 0.355688 0.000010 0.361436 0.013566
0.235147 0.401005 0.033515 0.330322 0.000010
0.160923 0.394130 0.000010 0.442936 0.002001
0.200392 0.430004 0.110578 0.248011 0.011015
0.094929 0.385272 0.460335 0.000010 0.059454
0.098117 0.118548 0.742277 0.000010 0.041047
0.205009 0.511101 0.012123 0.253842 0.017925
0.043702 0.428613 0.511747 0.000010 0.015928
0.138461 0.641592 0.019000 0.200937 0.000010
0.130883 0.430187 0.377784 0.005622 0.055525
0.307014 0.049105 0.000010 0.643861 0.000010
0.154382 0.320805 0.158694 0.366108 0.000010
0.126462 0.416357 0.400189 0.000010 0.056982
0.045878 0.000010 0.255197 0.000010 0.698905
0.158305 0.589341 0.005319 0.241592 0.005443
0.954088 0.000010 0.000010 0.045882 0.000010
0.124156 0.655380 0.035765 0.184690 0.000010
0.218377 0.000010 0.000010 0.781593 0.000010
0.108489 0.581666 0.000010 0.309825 0.000010
0.178046 0.565006 0.000010 0.256928 0.000010
0.325248 0.000010 0.000010 0.674722 0.000010
0.032989 0.000010 0.211551 0.000010 0.755440
0.349300 0.178405 0.000010 0.467239 0.005046
0.273219 0.254660 0.000010 0.472101 0.000010
0.093480 0.673489 0.000010 0.227532 0.005489
0.239370 0.065859 0.000010 0.691006 0.003755
0.060452 0.634209 0.000010 0.305319 0.000010
0.132012 0.637507 0.000010 0.230461 0.000010
0.347071 0.105973 0.000010 0.546283 0.000663
0.014558 0.000010 0.215351 0.000010 0.770070
0.908955 0.000010 0.005324 0.085701 0.000010
0.319083 0.218116 0.000010 0.462781 0.000010
0.179785 0.608195 0.000010 0.209299 0.002711
0.431065 0.201099 0.000010 0.367816 0.000010
0.135045 0.653631 0.000010 0.211304 0.000010
0.170804 0.553280 0.000010 0.274614 0.001292
0.212453 0.205238 0.000010 0.582288 0.000010
0.021599 0.000010 0.213533 0.000010 0.764847
0.225828 0.428547 0.013027 0.332588 0.000010
0.296041 0.228245 0.000010 0.460666 0.015038
0.093901 0.670733 0.006554 0.228803 0.000010
0.432452 0.217309 0.000010 0.350219 0.000010
0.155322 0.283455 0.000010 0.561204 0.000010
0.086232 0.549495 0.024413 0.339850 0.000010
0.302457 0.029115 0.000010 0.665828 0.002590
0.134772 0.416774 0.000010 0.440717 0.007727
0.325468 0.364878 0.016499 0.285210 0.007945
0.183597 0.404843 0.274464 0.104142 0.032954
0.227828 0.597481 0.010142 0.155079 0.009469
0.417548 0.187847 0.000010 0.394585 0.000010
0.028242 0.493117 0.470327 0.000010 0.008304
0.109396 0.654187 0.000010 0.236397 0.000010
0.400186 0.214670 0.000010 0.385123 0.000010
0.203115 0.372972 0.053420 0.370483 0.000010
0.209880 0.300178 0.010977 0.478955 0.000010
0.178120 0.351627 0.000010 0.470233 0.000010
0.158407 0.451642 0.106363 0.283578 0.000010
0.397103 0.168398 0.000010 0.434480 0.000010
0.064950 0.389338 0.535585 0.000010 0.010116
0.184926 0.490800 0.000010 0.324253 0.000010
0.314100 0.204872 0.000010 0.462881 0.018136
0.274748 0.010713 0.000010 0.714519 0.000010
0.135743 0.355415 0.000010 0.508821 0.000010
0.074057 0.621848 0.124557 0.179528 0.000010
0.378767 0.088226 0.105879 0.427118 0.000010
0.066658 0.213859 0.691770 0.000010 0.027703
0.099060 0.385821 0.515099 0.000010 0.000010
0.185037 0.480433 0.000010 0.334510 0.000010
0.097522 0.132821 0.737300 0.000010 0.032347
0.294992 0.000010 0.000010 0.704978 0.000010
0.096823 0.367931 0.530738 0.000010 0.004498
0.137702 0.686954 0.142732 0.032602 0.000010
0.122693 0.548906 0.002629 0.325762 0.000010
0.161864 0.409797 0.047042 0.381288 0.000010
0.213096 0.227705 0.000010 0.559179 0.000010
0.217815 0.409953 0.005323 0.366899 0.000010
0.087818 0.172109 0.723468 0.000010 0.016595
0.000010 0.000010 0.000010 0.999960 0.000010
0.137592 0.402052 0.000010 0.460336 0.000010
0.204488 0.380528 0.005116 0.409859 0.000010
0.177560 0.766649 0.050947 0.000010 0.004833
0.163841 0.653062 0.117956 0.065131 0.000010
0.210714 0.431808 0.019254 0.334148 0.004076
0.121311 0.473051 0.337800 0.000010 0.067829
0.370978 0.133928 0.013162 0.481922 0.000010
0.234072 0.388872 0.000010 0.377037 0.000010
0.141125 0.661366 0.171074 0.026425 0.000010
0.171966 0.766634 0.055013 0.000010 0.006377
0.078539 0.724809 0.102733 0.093908 0.000010
0.169621 0.414375 0.000010 0.414413 0.001581
0.104855 0.406471 0.366295 0.067934 0.054445
0.143403 0.428537 0.000010 0.428040 0.000010
0.113263 0.678935 0.120519 0.087273 0.000010
0.128367 0.671770 0.189642 0.010211 0.000010
0.152789 0.430367 0.000010 0.416824 0.000010
0.114551 0.659937 0.225493 0.000010 0.000010
0.096410 0.607405 0.296165 0.000010 0.000010
0.217663 0.312221 0.000010 0.470095 0.000010
0.132978 0.743682 0.077522 0.045808 0.000010
0.199105 0.507799 0.000010 0.293076 0.000010
0.204611 0.375665 0.001520 0.415770 0.002434
0.049567 0.698084 0.182460 0.069879 0.000010
0.055407 0.703666 0.100389 0.140527 0.000010
0.120812 0.615200 0.261132 0.002845 0.000010
0.119622 0.584028 0.296329 0.000010 0.000010
0.108880 0.768919 0.055625 0.066566 0.000010
0.124525 0.784339 0.057982 0.031279 0.001875
0.086775 0.661534 0.016569 0.235113 0.000010
0.075909 0.507976 0.268881 0.117046 0.030188
0.118504 0.627019 0.236718 0.017748 0.000010
0.113621 0.772144 0.055347 0.058159 0.000729
0.115485 0.627516 0.228826 0.028163 0.000010
0.057967 0.550788 0.348225 0.043010 0.000010
0.204514 0.311195 0.000010 0.484271 0.000010
0.116171 0.723631 0.081039 0.075671 0.003488
0.236725 0.247673 0.359745 0.131021 0.024837
0.182815 0.275716 0.000010 0.540712 0.000746
0.159378 0.460942 0.286064 0.067992 0.025624
0.132727 0.743217 0.102871 0.019780 0.001405
0.108188 0.631302 0.251529 0.000010 0.008971
0.069477 0.585965 0.311663 0.032885 0.000010
0.188102 0.285845 0.009873 0.515090 0.001090
0.181792 0.721828 0.086394 0.009975 0.000010
0.187828 0.337113 0.079405 0.395643 0.000010
0.136470 0.328028 0.022212 0.513279 0.000010
0.099277 0.522555 0.341374 0.000010 0.036784
0.080872 0.656632 0.145166 0.117321 0.000010
0.129816 0.585910 0.284254 0.000010 0.000010
0.093634 0.647366 0.258980 0.000010 0.000010
0.217281 0.331589 0.000010 0.447123 0.003996
0.126857 0.771177 0.080010 0.021946 0.000010
0.070787 0.359735 0.513595 0.000010 0.055874
0.165042 0.773942 0.060996 0.000010 0.000010
0.077023 0.516249 0.315584 0.069461 0.021682
0.089246 0.661947 0.119235 0.129562 0.000010
0.148586 0.566909 0.283712 0.000010 0.000783
0.069627 0.634843 0.295510 0.000010 0.000010
0.226354 0.250067 0.000010 0.523559 0.000010
0.205329 0.729953 0.031949 0.029306 0.003464
0.353605 0.095772 0.000010 0.545344 0.005269
0.148355 0.682923 0.140068 0.028644 0.000010
0.142294 0.445028 0.310480 0.073382 0.028816
0.155826 0.778589 0.065565 0.000010 0.000010
0.100637 0.688674 0.108996 0.097284 0.004409
0.208878 0.485697 0.000010 0.305405 0.000010
0.086186 0.499732 0.335159 0.022191 0.056731
0.264346 0.279623 0.000010 0.456011 0.000010
0.386849 0.176255 0.000010 0.436876 0.000010
0.150252 0.528518 0.004647 0.303771 0.012812
0.122408 0.495274 0.311520 0.039871 0.030927
0.140521 0.774549 0.084910 0.000010 0.000010
0.171957 0.620306 0.162598 0.045129 0.000010
0.237128 0.499951 0.028435 0.230071 0.004416
0.104584 0.492570 0.288553 0.033232 0.081060
0.345048 0.056113 0.000010 0.593034 0.005795
0.516360 0.050041 0.000010 0.433580 0.000010
0.077468 0.460103 0.360247 0.068728 0.033454
0.093333 0.416263 0.007172 0.483222 0.000010
0.098365 0.765917 0.076015 0.055844 0.003859
0.000010 0.000010 0.000010 0.999960 0.000010
0.943302 0.000010 0.000010 0.056668 0.000010
0.992955 0.007015 0.000010 0.000010 0.000010
0.830513 0.016224 0.000010 0.153243 0.000010
0.939886 0.000010 0.000010 0.060084 0.000010
0.890155 0.035810 0.000010 0.074015 0.000010
0.929059 0.009439 0.000010 0.061482 0.000010
0.914029 0.048002 0.000010 0.037949 0.000010
0.895132 0.000010 0.000010 0.104838 0.000010
0.990959 0.009009 0.000011 0.000010 0.000010
0.957306 0.013356 0.000010 0.029318 0.000010
0.975997 0.006572 0.000010 0.017411 0.000010
0.876550 0.000010 0.000010 0.123420 0.000010
0.979452 0.003532 0.000010 0.016997 0.000010
0.983642 0.000010 0.000010 0.016328 0.000010
0.999960 0.000010 0.000010 0.000010 0.000010
0.978076 0.000010 0.000010 0.021894 0.000010
0.965849 0.000010 0.000010 0.034121 0.000010
0.999960 0.000010 0.000010 0.000010 0.000010
0.957286 0.042684 0.000010 0.000010 0.000010
0.999960 0.000010 0.000010 0.000010 0.000010
0.978279 0.000010 0.000010 0.021691 0.000010
0.872929 0.044339 0.000010 0.082712 0.000010
0.943024 0.056946 0.000010 0.000010 0.000010
0.989262 0.010708 0.000010 0.000010 0.000010
0.928512 0.000010 0.000010 0.071458 0.000010
0.882184 0.000010 0.000010 0.117786 0.000010
0.987338 0.000010 0.000010 0.012632 0.000010
0.972759 0.000010 0.000010 0.027211 0.000010
0.999959 0.000011 0.000010 0.000010 0.000010
0.845674 0.050090 0.000010 0.099401 0.004825
0.716759 0.011273 0.000010 0.271949 0.000010
0.837925 0.000010 0.000010 0.162045 0.000010
0.903017 0.006179 0.000010 0.090784 0.000010
0.948093 0.002796 0.000010 0.049091 0.000010
0.956493 0.000010 0.000013 0.043473 0.000010
0.909945 0.000010 0.000010 0.090025 0.000010
0.934997 0.000010 0.000010 0.064973 0.000010
0.979490 0.002726 0.000491 0.017283 0.000010
0.947155 0.017751 0.000010 0.035074 0.000010
0.997377 0.002593 0.000010 0.000010 0.000010
0.970779 0.007584 0.000010 0.021617 0.000010
0.999960 0.000010 0.000010 0.000010 0.000010
0.981644 0.000010 0.008371 0.009965 0.000010
0.976470 0.022710 0.000362 0.000010 0.000448
0.978625 0.021345 0.000010 0.000010 0.000010
0.942233 0.033295 0.000010 0.024451 0.000010
0.964060 0.028920 0.000010 0.007000 0.000010
0.933072 0.000010 0.000010 0.066898 0.000010
0.919672 0.000010 0.000010 0.080298 0.000010
0.979022 0.000010 0.000010 0.020948 0.000010
0.955647 0.000010 0.000010 0.044323 0.000010
0.975648 0.024322 0.000010 0.000010 0.000010
0.988844 0.000010 0.000010 0.011126 0.000010
0.999875 0.000010 0.000010 0.000095 0.000010
0.976397 0.000010 0.000010 0.023573 0.000010
0.999960 0.000010 0.000010 0.000010 0.000010
0.961883 0.000010 0.000010 0.038087 0.000010
0.971984 0.004748 0.000010 0.023248 0.000010
0.998471 0.000010 0.000010 0.001499 0.000010
0.910999 0.000010 0.000010 0.088971 0.000010
0.983673 0.000010 0.000010 0.016297 0.000010
0.984982 0.014986 0.000010 0.000012 0.000010
0.870232 0.000010 0.000010 0.129738 0.000010
0.999960 0.000010 0.000010 0.000010 0.000010
0.959954 0.021768 0.000010 0.018258 0.000010
0.984585 0.001332 0.000010 0.014063 0.000010
0.984115 0.015855 0.000010 0.000010 0.000010
0.999960 0.000010 0.000010 0.000010 0.000010
0.944975 0.036252 0.000010 0.018753 0.000010
0.969864 0.030097 0.000010 0.000019 0.000010
0.999955 0.000010 0.000010 0.000015 0.000010
0.957406 0.019177 0.001336 0.022071 0.000010
0.999960 0.000010 0.000010 0.000010 0.000010
0.883473 0.000010 0.000010 0.116497 0.000010
0.999958 0.000010 0.000010 0.000012 0.000010
0.920028 0.000010 0.000010 0.079942 0.000010
0.942943 0.013854 0.000010 0.043183 0.000010
0.994339 0.000010 0.000010 0.005631 0.000010
0.943577 0.019325 0.000010 0.037078 0.000010
0.999683 0.000287 0.000010 0.000010 0.000010
0.967024 0.000010 0.000010 0.032946 0.000010
0.939531 0.000010 0.000010 0.060439 0.000010
0.957987 0.037474 0.004519 0.000010 0.000010
0.934489 0.000010 0.000010 0.065481 0.000010
0.952827 0.000010 0.000010 0.047143 0.000010
0.999960 0.000010 0.000010 0.000010 0.000010
0.975697 0.024273 0.000010 0.000010 0.000010
0.959569 0.000010 0.000011 0.040401 0.000010
0.985120 0.000010 0.000010 0.014850 0.000010
0.999960 0.000010 0.000010 0.000010 0.000010
0.999960 0.000010 0.000010 0.000010 0.000010
0.952609 0.014290 0.000010 0.033081 0.000010
0.999496 0.000010 0.000010 0.000010 0.000474
0.936067 0.010547 0.007243 0.046133 0.000010
0.989980 0.009990 0.000010 0.000010 0.000010
0.867304 0.013580 0.000010 0.119096 0.000010
0.960683 0.032052 0.007245 0.000010 0.000010
0.855803 0.000010 0.000010 0.144167 0.000010
0.957901 0.000010 0.000010 0.042069 0.000010
0.968307 0.020427 0.000010 0.010443 0.000813
0.972593 0.000010 0.000010 0.027377 0.000010
0.898420 0.000010 0.000010 0.101550 0.000010
0.920445 0.000010 0.000010 0.079525 0.000010
0.931047 0.000010 0.000010 0.068923 0.000010
0.865891 0.000010 0.012782 0.121293 0.000025
0.999960 0.000010 0.000010 0.000010 0.000010
0.999960 0.000010 0.000010 0.000010 0.000010
0.924381 0.000010 0.004208 0.071391 0.000010
0.891969 0.010613 0.000010 0.097398 0.000010
0.899485 0.000012 0.000010 0.100483 0.000010
0.913438 0.006470 0.000010 0.078019 0.002062
0.930568 0.000010 0.000010 0.069402 0.000010
0.947918 0.000010 0.011987 0.040075 0.000010
0.837956 0.062539 0.000010 0.089935 0.009560
0.874693 0.000010 0.000010 0.124814 0.000473
0.999960 0.000010 0.000010 0.000010 0.000010
0.892677 0.010434 0.001961 0.094919 0.000010
0.941167 0.000010 0.000010 0.058803 0.000010
0.864219 0.000010 0.004308 0.116261 0.015202
0.955045 0.000010 0.000010 0.044925 0.000010
0.926985 0.000010 0.000010 0.072985 0.000010
0.911633 0.041038 0.000010 0.047309 0.000010
0.945006 0.021542 0.000010 0.033432 0.000010
0.875705 0.038501 0.000010 0.085775 0.000010
0.956803 0.000010 0.000010 0.043167 0.000010
0.974240 0.003370 0.000010 0.022370 0.000010
0.990222 0.000010 0.000010 0.009748 0.000010
0.832276 0.006449 0.000010 0.161255 0.000010
0.999960 0.000010 0.000010 0.000010 0.000010
0.945354 0.000010 0.000010 0.054616 0.000010
0.930306 0.000010 0.000010 0.069664 0.000010
0.905837 0.019589 0.000010 0.074554 0.000010
0.945388 0.000010 0.000010 0.054582 0.000010
0.969931 0.000010 0.000010 0.030039 0.000010
0.982549 0.000010 0.000010 0.017421 0.000010
0.999960 0.000010 0.000010 0.000010 0.000010
0.903404 0.000010 0.000010 0.096566 0.000010
0.983787 0.000010 0.000010 0.016183 0.000010
0.924615 0.000014 0.000010 0.075351 0.000010
0.905029 0.000010 0.000010 0.094941 0.000010
0.978992 0.005531 0.000010 0.015457 0.000010
0.967748 0.002611 0.000010 0.029621 0.000010
0.995870 0.000010 0.000010 0.004100 0.000010
0.969375 0.000010 0.000010 0.030595 0.000010
0.949069 0.000010 0.000010 0.050901 0.000010
0.819283 0.000010 0.000010 0.180687 0.000010
0.876754 0.053532 0.000010 0.069694 0.000010
0.927661 0.000010 0.000010 0.069721 0.002598
0.999960 0.000010 0.000010 0.000010 0.000010
0.891399 0.000010 0.000010 0.108571 0.000010
0.963982 0.030814 0.000010 0.005184 0.000010
0.928107 0.025001 0.000010 0.046872 0.000010
0.964607 0.004067 0.000010 0.031306 0.000010
0.995337 0.000010 0.000010 0.004633 0.000010
0.926966 0.000010 0.000010 0.073004 0.000010
0.958092 0.004775 0.000010 0.037113 0.000010
0.959337 0.000010 0.000010 0.040633 0.000010
0.954571 0.011326 0.000010 0.034083 0.000010
0.999960 0.000010 0.000010 0.000010 0.000010
0.938359 0.000010 0.000010 0.061611 0.000010
0.994585 0.005385 0.000010 0.000010 0.000010
0.999951 0.000010 0.000010 0.000019 0.000010
0.897856 0.000010 0.000010 0.099536 0.002589
0.918741 0.073461 0.000010 0.007777 0.000010
0.958809 0.000012 0.000010 0.041159 0.000010
0.859047 0.017492 0.000010 0.123441 0.000010
0.898361 0.000010 0.000010 0.098412 0.003207
0.932274 0.067696 0.000010 0.000010 0.000010
0.974849 0.025121 0.000010 0.000010 0.000010
0.982226 0.000010 0.000010 0.017744 0.000010
0.959244 0.000010 0.000010 0.040726 0.000010
0.945292 0.032673 0.000010 0.022014 0.000010
0.999960 0.000010 0.000010 0.000010 0.000010
0.952214 0.000010 0.000010 0.047756 0.000010
0.918327 0.000181 0.000010 0.081472 0.000010
0.900337 0.000010 0.005081 0.094562 0.000010
0.780065 0.000010 0.000010 0.219905 0.000010
0.879352 0.000010 0.000010 0.120618 0.000010
0.924523 0.000010 0.000010 0.075447 0.000010
0.907280 0.000010 0.000010 0.092690 0.000010
0.979898 0.020072 0.000010 0.000010 0.000010
0.913299 0.000010 0.000010 0.086671 0.000010
0.986871 0.009438 0.000010 0.000010 0.003671
0.853319 0.000010 0.000010 0.146651 0.000010
0.970221 0.000010 0.000010 0.029749 0.000010
0.990068 0.009902 0.000010 0.000010 0.000010
0.924594 0.075376 0.000010 0.000010 0.000010
0.999960 0.000010 0.000010 0.000010 0.000010
0.867382 0.000554 0.007234 0.124820 0.000010
0.952671 0.000010 0.000010 0.047299 0.000010
0.961882 0.000010 0.000010 0.038088 0.000010
0.945090 0.030477 0.000010 0.024413 0.000010
0.987713 0.000010 0.000010 0.012257 0.000010
0.863449 0.050159 0.000010 0.085959 0.000424
0.931136 0.000010 0.000010 0.068834 0.000010
0.864874 0.001126 0.000010 0.133980 0.000010
0.850468 0.000010 0.029855 0.108296 0.011371
0.904818 0.017528 0.000010 0.077634 0.000010
0.950801 0.000010 0.000010 0.049169 0.000010
0.995538 0.004432 0.000010 0.000010 0.000010
0.930771 0.020346 0.003443 0.045430 0.000010
0.969382 0.027006 0.003592 0.000010 0.000010
0.946122 0.000010 0.000010 0.053848 0.000010
0.968672 0.001405 0.000010 0.029903 0.000010
0.961508 0.000010 0.000010 0.038462 0.000010
0.934262 0.011741 0.000010 0.053977 0.000010
0.968812 0.000010 0.000010 0.031158 0.000010
0.999960 0.000010 0.000010 0.000010 0.000010
0.969136 0.008336 0.000010 0.022508 0.000010
0.940495 0.010439 0.000010 0.049046 0.000010
0.978484 0.000010 0.000010 0.021486 0.000010
0.991263 0.008707 0.000010 0.000010 0.000010
0.983892 0.000010 0.000010 0.016078 0.000010
0.972726 0.002800 0.000010 0.024455 0.000010
0.973776 0.003211 0.000010 0.022993 0.000010
0.979158 0.020812 0.000010 0.000010 0.000010
0.924278 0.000010 0.000010 0.075692 0.000010
0.947349 0.000010 0.000010 0.052621 0.000010
0.966719 0.008152 0.000010 0.025108 0.000010
0.978908 0.021062 0.000010 0.000010 0.000010
0.999960 0.000010 0.000010 0.000010 0.000010
0.921576 0.029444 0.000010 0.048959 0.000010
0.997471 0.000010 0.000010 0.002499 0.000010
0.990301 0.000010 0.000010 0.009669 0.000010
0.999960 0.000010 0.000010 0.000010 0.000010
0.955946 0.000010 0.000010 0.044024 0.000010
0.994348 0.000010 0.000010 0.005622 0.000010
0.859572 0.000010 0.000010 0.140398 0.000010
0.999960 0.000010 0.000010 0.000010 0.000010
0.880601 0.006340 0.000010 0.113039 0.000010
0.933570 0.000010 0.000010 0.066400 0.000010
0.931458 0.000010 0.000010 0.068512 0.000010
0.868917 0.038282 0.000010 0.092781 0.000010
0.988132 0.002809 0.000010 0.009039 0.000010
0.888750 0.020533 0.025935 0.063861 0.000921
0.870988 0.000010 0.000010 0.128982 0.000010
0.960619 0.031489 0.006355 0.001527 0.000010
0.893116 0.000010 0.000010 0.106854 0.000010
0.863266 0.000010 0.000010 0.136704 0.000010
0.961409 0.000010 0.000010 0.038561 0.000010
0.968619 0.000010 0.012529 0.018832 0.000010
0.917271 0.026937 0.000010 0.055771 0.000010
0.929958 0.005412 0.000010 0.058941 0.005678
0.956660 0.001913 0.000010 0.041407 0.000010
0.870559 0.013152 0.000010 0.116270 0.000010
0.901380 0.000010 0.000010 0.098590 0.000010
0.999960 0.000010 0.000010 0.000010 0.000010
0.999960 0.000010 0.000010 0.000010 0.000010
0.990288 0.000010 0.000010 0.009682 0.000010
0.928136 0.027507 0.008433 0.035914 0.000010
0.989376 0.004514 0.006090 0.000010 0.000010
0.871427 0.000010 0.000010 0.128543 0.000010
0.996891 0.003079 0.000010 0.000010 0.000010
0.885430 0.000010 0.000010 0.114540 0.000010
0.982211 0.002777 0.000010 0.014992 0.000010
0.968390 0.029986 0.001604 0.000010 0.000010
0.962458 0.000010 0.009145 0.028377 0.000010
0.906734 0.021236 0.000010 0.072010 0.000010
0.933517 0.000010 0.000010 0.066204 0.000259
0.931775 0.016616 0.000010 0.051589 0.000010
0.955906 0.000010 0.000010 0.044064 0.000010
0.936007 0.004420 0.000010 0.059553 0.000010
0.957746 0.011027 0.007067 0.022205 0.001954
0.999960 0.000010 0.000010 0.000010 0.000010
0.800200 0.044935 0.000010 0.154846 0.000010
0.873818 0.096448 0.000010 0.029714 0.000010
0.993817 0.000010 0.006153 0.000010 0.000010
0.890111 0.000010 0.000010 0.109859 0.000010
0.898028 0.014035 0.000010 0.087917 0.000010
0.945320 0.000010 0.000010 0.054650 0.000010
0.845388 0.013345 0.000010 0.141246 0.000010
0.990429 0.000010 0.000010 0.009541 0.000010
0.961410 0.000010 0.013164 0.025406 0.000010
0.866898 0.000010 0.000010 0.133072 0.000010
0.970988 0.000010 0.000010 0.028982 0.000010
0.958948 0.000010 0.000010 0.041022 0.000010
0.996939 0.000010 0.000010 0.003031 0.000010
0.904507 0.019043 0.000010 0.076429 0.000010
0.960095 0.015102 0.000010 0.024783 0.000010
0.999960 0.000010 0.000010 0.000010 0.000010
0.891549 0.073225 0.000010 0.035206 0.000010
0.891388 0.000010 0.000010 0.108582 0.000010
0.916164 0.019332 0.000010 0.063066 0.001429
0.998329 0.001641 0.000010 0.000010 0.000010
0.997018 0.000010 0.000010 0.002952 0.000010
0.959707 0.000010 0.000010 0.040263 0.000010
0.835897 0.024774 0.000010 0.139310 0.000010
0.991052 0.008918 0.000010 0.000010 0.000010
0.905030 0.027960 0.000010 0.066989 0.000010
0.971348 0.015921 0.012710 0.000010 0.000010
0.999960 0.000010 0.000010 0.000010 0.000010
0.961589 0.000010 0.000010 0.038381 0.000010
0.934744 0.006333 0.000014 0.058899 0.000010
0.948039 0.000903 0.000010 0.051038 0.000010
0.999960 0.000010 0.000010 0.000010 0.000010
0.986533 0.013437 0.000010 0.000010 0.000010
0.991273 0.008697 0.000010 0.000010 0.000010
0.992303 0.000010 0.000010 0.007667 0.000010
0.941707 0.000010 0.000010 0.058263 0.000010
0.999960 0.000010 0.000010 0.000010 0.000010
0.822101 0.000010 0.000010 0.177869 0.000010
0.978013 0.006121 0.000010 0.015846 0.000010
0.972846 0.025992 0.000010 0.001142 0.000010
0.935792 0.003841 0.000010 0.060347 0.000010
0.912939 0.000010 0.000010 0.087031 0.000010
0.883746 0.000010 0.000010 0.116224 0.000010
0.979546 0.020424 0.000010 0.000010 0.000010
0.939172 0.045948 0.000010 0.014859 0.000010
0.910617 0.000010 0.000010 0.088884 0.000479
0.925599 0.000010 0.000010 0.074371 0.000010
0.916491 0.017551 0.000010 0.062098 0.003850
0.999960 0.000010 0.000010 0.000010 0.000010
0.963173 0.000010 0.005478 0.031329 0.000010
0.944386 0.000010 0.007131 0.048464 0.000010
0.864674 0.000010 0.000010 0.135296 0.000010
0.957139 0.012799 0.000010 0.030042 0.000010
0.974809 0.000010 0.000010 0.025161 0.000010
0.999688 0.000010 0.000282 0.000010 0.000010
0.985108 0.000010 0.000010 0.014862 0.000010
0.853334 0.000010 0.000010 0.146636 0.000010
0.999960 0.000010 0.000010 0.000010 0.000010
0.877473 0.000010 0.000010 0.122497 0.000010
0.838637 0.000010 0.000010 0.161333 0.000010
0.920665 0.000014 0.000010 0.079302 0.000010
0.997271 0.000010 0.000010 0.002699 0.000010
0.986516 0.000010 0.013454 0.000010 0.000010
0.937571 0.007123 0.001452 0.053844 0.000010
0.847440 0.009707 0.000010 0.142833 0.000010
0.970446 0.019396 0.000010 0.010137 0.000010
0.876015 0.023882 0.000010 0.100083 0.000010
0.990723 0.009247 0.000010 0.000010 0.000010
0.964791 0.000010 0.000010 0.035179 0.000010
0.882963 0.000010 0.000010 0.117007 0.000010
0.915019 0.020202 0.000010 0.064759 0.000010
0.999960 0.000010 0.000010 0.000010 0.000010
0.979184 0.009519 0.000010 0.011277 0.000010
0.856636 0.037007 0.000010 0.106337 0.000010
0.999960 0.000010 0.000010 0.000010 0.000010
0.928113 0.000010 0.000010 0.071824 0.000042
0.867407 0.000010 0.000010 0.132563 0.000010
0.853793 0.000010 0.000010 0.146177 0.000010
0.926881 0.000010 0.000010 0.073089 0.000010
0.984596 0.014077 0.001306 0.000010 0.000010
0.977370 0.000010 0.000010 0.022600 0.000010
0.900829 0.000010 0.000010 0.099141 0.000010
0.969307 0.000010 0.000010 0.030663 0.000010
0.991261 0.000010 0.000010 0.008709 0.000010
0.962946 0.034969 0.000010 0.002065 0.000010
0.924343 0.012330 0.000010 0.061270 0.002046
0.942018 0.057952 0.000010 0.000010 0.000010
0.993617 0.006353 0.000010 0.000010 0.000010
0.954351 0.000010 0.000010 0.045619 0.000010
0.902847 0.000010 0.000010 0.097123 0.000010
0.953445 0.000010 0.000010 0.043654 0.002881
0.969882 0.000010 0.000010 0.030088 0.000010
0.937839 0.000010 0.000010 0.062131 0.000010
0.954611 0.006502 0.000011 0.038866 0.000010
0.999960 0.000010 0.000010 0.000010 0.000010
0.942570 0.022518 0.000010 0.034891 0.000010
0.934864 0.026016 0.000010 0.039100 0.000010
0.999960 0.000010 0.000010 0.000010 0.000010
0.827660 0.000010 0.000010 0.172310 0.000010
0.980101 0.019869 0.000010 0.000010 0.000010
0.871446 0.000010 0.000010 0.128524 0.000010
0.999960 0.000010 0.000010 0.000010 0.000010
0.957699 0.017146 0.000010 0.025135 0.000010
0.985379 0.002759 0.000010 0.011842 0.000010
0.994434 0.000010 0.000010 0.005536 0.000010
0.917296 0.048330 0.016371 0.017993 0.000010
0.956009 0.017337 0.000010 0.026634 0.000010
0.983720 0.000010 0.000010 0.016250 0.000010
0.989309 0.000010 0.000010 0.010661 0.000010
0.982802 0.000010 0.000010 0.017168 0.000010
0.981895 0.000012 0.000010 0.018073 0.000010
0.924273 0.000010 0.000010 0.075697 0.000010
0.935243 0.000010 0.000010 0.064727 0.000010
0.937000 0.011307 0.000010 0.051673 0.000010
0.851031 0.045071 0.000010 0.103877 0.000010
0.999118 0.000852 0.000010 0.000010 0.000010
0.868759 0.000010 0.000010 0.128634 0.002587
0.999960 0.000010 0.000010 0.000010 0.000010
0.894829 0.020236 0.013447 0.069866 0.001622
0.994425 0.005545 0.000010 0.000010 0.000010
0.964634 0.014968 0.000010 0.020377 0.000010
0.870969 0.000010 0.000010 0.129001 0.000010
0.916926 0.019065 0.000010 0.063989 0.000010
0.892697 0.000010 0.000010 0.107273 0.000010
0.999960 0.000010 0.000010 0.000010 0.000010
0.906778 0.022404 0.000010 0.070798 0.000010
0.999960 0.000010 0.000010 0.000010 0.000010
0.998074 0.000010 0.000010 0.001896 0.000010
0.993451 0.000010 0.000010 0.006519 0.000010
0.982656 0.014180 0.000010 0.003144 0.000010
0.896699 0.007629 0.000010 0.095652 0.000010
0.915855 0.011999 0.011014 0.061122 0.000010
0.960953 0.003345 0.000010 0.035682 0.000010
0.999960 0.000010 0.000010 0.000010 0.000010
0.940470 0.000010 0.000010 0.059500 0.000010
0.972972 0.000010 0.000010 0.026998 0.000010
0.970069 0.000010 0.000010 0.029901 0.000010
0.941143 0.009496 0.002400 0.046951 0.000010
0.891687 0.003127 0.000010 0.105167 0.000010
0.966784 0.022624 0.000010 0.010572 0.000010
0.872106 0.000010 0.000010 0.127864 0.000010
0.923488 0.000010 0.000010 0.076482 0.000010
0.908310 0.003078 0.000010 0.088592 0.000010
0.971786 0.014159 0.007930 0.001330 0.004796
0.927418 0.000010 0.000015 0.072547 0.000010
0.892037 0.012226 0.011508 0.084219 0.000010
0.880183 0.000010 0.000010 0.119787 0.000010
0.925670 0.034283 0.000010 0.040027 0.000010
0.975998 0.008218 0.000010 0.015764 0.000010
0.950214 0.000010 0.000010 0.049756 0.000010
0.963786 0.000010 0.000010 0.036184 0.000010
0.912336 0.062155 0.000010 0.025489 0.000010
0.789400 0.000010 0.000010 0.210570 0.000010
0.997528 0.000010 0.000010 0.002442 0.000010
0.967972 0.003014 0.000010 0.028994 0.000010
0.882836 0.000010 0.000010 0.114922 0.002222
0.887438 0.000010 0.000010 0.112532 0.000010
0.996019 0.003951 0.000010 0.000010 0.000010
0.970372 0.000010 0.000010 0.029598 0.000010
0.920116 0.000010 0.000010 0.079854 0.000010
0.946711 0.013117 0.000010 0.040153 0.000010
0.974143 0.000010 0.000010 0.025827 0.000010
0.923931 0.000010 0.000010 0.076039 0.000010
0.989364 0.010606 0.000010 0.000010 0.000010
0.921064 0.000010 0.000010 0.078906 0.000010
0.987886 0.000010 0.000010 0.012084 0.000010
0.988863 0.000010 0.002163 0.008954 0.000010
0.999881 0.000010 0.000089 0.000010 0.000010
0.914003 0.000010 0.000011 0.085966 0.000010
0.953039 0.001982 0.000010 0.043770 0.001199
0.977365 0.017839 0.000010 0.004776 0.000010
0.942577 0.000010 0.000010 0.057393 0.000010
0.940165 0.000010 0.032479 0.027336 0.000010
0.848946 0.008933 0.000010 0.142101 0.000010
0.887579 0.032231 0.000010 0.080170 0.000010
0.929707 0.000010 0.000010 0.068046 0.002227
0.935280 0.001815 0.001211 0.057649 0.004045
0.839229 0.013146 0.000010 0.147605 0.000010
0.999960 0.000010 0.000010 0.000010 0.000010
0.982664 0.000010 0.000010 0.017306 0.000010
0.822057 0.000010 0.000010 0.177913 0.000010
0.990014 0.000010 0.000010 0.009956 0.000010
0.951066 0.048904 0.000010 0.000010 0.000010
0.994747 0.005221 0.000011 0.000010 0.000010
0.999960 0.000010 0.000010 0.000010 0.000010
0.999960 0.000010 0.000010 0.000010 0.000010
0.894905 0.000010 0.000010 0.105065 0.000010
0.903111 0.000010 0.000010 0.096859 0.000010
0.895697 0.000010 0.000010 0.104273 0.000010
0.883745 0.019118 0.000010 0.097117 0.000010
0.942209 0.057761 0.000010 0.000010 0.000010
0.980725 0.000010 0.000010 0.019245 0.000010
0.940572 0.000010 0.000010 0.056814 0.002594
0.867694 0.000010 0.003632 0.128654 0.000010
0.945999 0.000010 0.000010 0.053971 0.000010
0.938976 0.000010 0.000010 0.060994 0.000010
0.975497 0.000010 0.000010 0.024473 0.000010
0.994648 0.004196 0.000010 0.000010 0.001136
0.920757 0.000010 0.000010 0.079213 0.000010
0.973857 0.000010 0.000010 0.026113 0.000010
0.999960 0.000010 0.000010 0.000010 0.000010
0.992961 0.000010 0.000010 0.007009 0.000010
0.999960 0.000010 0.000010 0.000010 0.000010
0.900417 0.000010 0.004746 0.092632 0.002195
0.946463 0.033807 0.000010 0.019710 0.000010
0.993326 0.000010 0.000010 0.006644 0.000010
0.957725 0.000010 0.000100 0.042155 0.000010
0.922644 0.000010 0.000010 0.077326 0.000010
0.943683 0.000010 0.000010 0.056287 0.000010
0.971880 0.028090 0.000010 0.000010 0.000010
0.914228 0.000010 0.000010 0.085742 0.000010
0.984798 0.015172 0.000010 0.000010 0.000010
0.942805 0.000406 0.000010 0.056769 0.000010
0.999960 0.000010 0.000010 0.000010 0.000010
0.953411 0.023233 0.005085 0.018260 0.000010
0.972535 0.000010 0.000010 0.027435 0.000010
0.924220 0.000010 0.000010 0.075750 0.000010
0.937609 0.062361 0.000010 0.000010 0.000010
0.956974 0.000010 0.000010 0.042996 0.000010
0.977852 0.000010 0.000010 0.022118 0.000010
0.958756 0.015815 0.000010 0.025410 0.000010
0.931346 0.000010 0.000010 0.068624 0.000010
0.917476 0.011998 0.000010 0.070506 0.000010
0.976575 0.023395 0.000010 0.000010 0.000010
0.929551 0.000010 0.000010 0.070419 0.000010
0.969153 0.015519 0.000010 0.015308 0.000010
0.979861 0.020109 0.000010 0.000010 0.000010
0.917219 0.000010 0.000010 0.082751 0.000010
0.928693 0.041707 0.000010 0.024860 0.004731
0.939701 0.015229 0.000010 0.045051 0.000010
0.969860 0.000010 0.011249 0.018871 0.000010
0.957675 0.000010 0.000010 0.042295 0.000010
0.858764 0.007886 0.000010 0.133330 0.000010
0.985778 0.014192 0.000010 0.000010 0.000010
0.956155 0.011089 0.000010 0.032736 0.000010
0.998171 0.000010 0.000010 0.001799 0.000010
0.949035 0.000010 0.000010 0.050935 0.000010
0.883488 0.013724 0.000010 0.102768 0.000010
0.984811 0.000010 0.000010 0.015159 0.000010
0.971770 0.000010 0.000010 0.028200 0.000010
0.944603 0.000010 0.000010 0.055367 0.000010
0.903946 0.000010 0.000010 0.096024 0.000010
0.970970 0.000010 0.000010 0.029000 0.000010
0.893077 0.000010 0.000010 0.106893 0.000010
0.959276 0.010855 0.000010 0.029849 0.000010
0.974545 0.001319 0.000010 0.024116 0.000010
0.958987 0.000010 0.000010 0.040983 0.000010
0.993105 0.006865 0.000010 0.000010 0.000010
0.957654 0.017218 0.000010 0.025108 0.000010
0.932239 0.000010 0.000010 0.067731 0.000010
0.991584 0.008386 0.000010 0.000010 0.000010
0.999960 0.000010 0.000010 0.000010 0.000010
0.944972 0.035615 0.000010 0.019393 0.000010
0.892796 0.000010 0.000010 0.107174 0.000010
0.999960 0.000010 0.000010 0.000010 0.000010
0.953811 0.000010 0.000010 0.046159 0.000010
0.999960 0.000010 0.000010 0.000010 0.000010
0.948376 0.000010 0.000010 0.051594 0.000010
0.953654 0.021330 0.000010 0.024997 0.000010
0.939407 0.000010 0.000010 0.060563 0.000010
0.848658 0.031373 0.003714 0.116245 0.000010
0.999960 0.000010 0.000010 0.000010 0.000010
0.999960 0.000010 0.000010 0.000010 0.000010
0.967737 0.000010 0.000010 0.032233 0.000010
0.958567 0.000010 0.000010 0.041403 0.000010
0.931205 0.026618 0.000010 0.042157 0.000010
0.999960 0.000010 0.000010 0.000010 0.000010
0.969084 0.006948 0.000010 0.023947 0.000010
0.955677 0.000010 0.000010 0.044293 0.000010
0.934688 0.000010 0.000010 0.065282 0.000010
0.999960 0.000010 0.000010 0.000010 0.000010
0.930451 0.011647 0.000010 0.057882 0.000010
0.941116 0.000010 0.000010 0.058854 0.000010
0.986975 0.000010 0.000010 0.012995 0.000010
0.910702 0.008484 0.000010 0.080794 0.000010
0.990367 0.009603 0.000010 0.000010 0.000010
