0.720428 0.000010 0.279552 0.000010
0.555593 0.000010 0.444387 0.000010
0.768509 0.000096 0.226139 0.005255
0.609260 0.004181 0.386548 0.000010
0.049687 0.035972 0.391159 0.523182
0.425039 0.000010 0.529237 0.045714
0.598390 0.002321 0.399279 0.000010
0.549534 0.000010 0.450446 0.000010
0.646555 0.000010 0.327906 0.025529
0.633328 0.000010 0.366652 0.000010
0.586183 0.000010 0.413797 0.000010
0.609439 0.006076 0.384475 0.000010
0.052819 0.031861 0.437490 0.477830
0.339589 0.000010 0.452900 0.207501
0.572264 0.002045 0.425681 0.000010
0.541489 0.003055 0.438491 0.016965
0.617358 0.004683 0.377950 0.000010
0.545256 0.000010 0.448529 0.006205
0.669554 0.000010 0.330426 0.000010
0.539655 0.002638 0.430723 0.026984
0.052695 0.032123 0.386669 0.528513
0.262426 0.000010 0.507613 0.229951
0.013496 0.004141 0.577629 0.404734
0.542003 0.004476 0.443616 0.009905
0.715774 0.003744 0.265869 0.014614
0.592502 0.003252 0.404236 0.000010
0.618995 0.000010 0.380985 0.000010
0.530203 0.010130 0.441956 0.017710
0.044582 0.038632 0.388245 0.528540
0.336093 0.000010 0.489631 0.174265
0.000010 0.000010 0.599201 0.400779
0.590183 0.001648 0.408159 0.000010
0.653961 0.000010 0.346019 0.000010
0.528622 0.000010 0.471358 0.000010
0.666889 0.000786 0.332316 0.000010
0.503799 0.009565 0.486626 0.000010
0.057390 0.018249 0.433601 0.490760
0.303770 0.000010 0.546463 0.149756
0.032750 0.000010 0.549712 0.417528
0.548242 0.000020 0.451728 0.000010
0.664146 0.003682 0.315015 0.017158
0.533593 0.000010 0.466387 0.000010
0.673395 0.000983 0.325612 0.000010
0.550535 0.000010 0.449445 0.000010
0.121620 0.013328 0.662247 0.202805
0.402280 0.000010 0.470760 0.126950
0.017234 0.006224 0.568908 0.407634
0.532587 0.000010 0.467393 0.000010
0.610235 0.002267 0.383817 0.003681
0.407288 0.000010 0.592692 0.000010
0.222518 0.000010 0.692583 0.084889
0.414383 0.000010 0.528093 0.057514
0.444456 0.000010 0.519159 0.036375
0.292318 0.000010 0.529753 0.177919
0.000010 0.000010 0.561821 0.438159
0.294019 0.002199 0.574033 0.129748
0.536591 0.000010 0.463389 0.000010
0.406829 0.000010 0.593151 0.000010
0.260274 0.000010 0.649450 0.090266
0.385566 0.075853 0.497313 0.041268
0.453303 0.000010 0.480719 0.065969
0.626315 0.000010 0.373665 0.000010
0.000010 0.000010 0.569416 0.430564
0.341773 0.000010 0.523838 0.134380
0.531932 0.009305 0.437739 0.021024
0.467497 0.004827 0.527665 0.000010
0.352097 0.000010 0.577406 0.070487
0.354223 0.061899 0.529004 0.054874
0.488314 0.000010 0.485986 0.025690
0.562759 0.000010 0.437221 0.000010
0.022710 0.000010 0.205571 0.771710
0.193807 0.017207 0.644210 0.144776
0.515332 0.000010 0.479696 0.004962
0.422252 0.000010 0.577728 0.000010
0.474196 0.003696 0.512832 0.009276
0.313802 0.047642 0.585257 0.053300
0.366648 0.000010 0.585316 0.048026
0.610424 0.001737 0.387829 0.000010
0.039589 0.000010 0.139304 0.821098
0.216790 0.000010 0.639169 0.144032
0.489287 0.000010 0.508216 0.002487
0.442619 0.000010 0.557361 0.000010
0.427987 0.003184 0.568818 0.000010
0.392972 0.012070 0.517151 0.077807
0.380470 0.000010 0.524688 0.094832
0.652396 0.001866 0.345727 0.000010
0.132026 0.000010 0.336099 0.531864
0.269498 0.000010 0.587480 0.143012
0.630833 0.000010 0.369147 0.000010
0.388587 0.000010 0.595459 0.015944
0.999970 0.000010 0.000010 0.000010
0.405728 0.002402 0.526704 0.065167
0.997801 0.002179 0.000010 0.000010
0.636376 0.000010 0.363604 0.000010
0.026539 0.054558 0.201832 0.717071
0.447062 0.000010 0.518361 0.034567
0.659058 0.000010 0.340922 0.000010
0.341499 0.000010 0.597958 0.060533
0.615345 0.000010 0.384635 0.000010
0.298798 0.034293 0.304839 0.362069
0.041516 0.000010 0.150075 0.808399
0.091579 0.028339 0.119387 0.760695
0.747759 0.000010 0.252221 0.000010
0.611775 0.003654 0.371943 0.012629
0.753899 0.000010 0.234220 0.011871
0.358096 0.000010 0.621500 0.020394
0.650593 0.000010 0.349387 0.000010
0.092303 0.001769 0.582866 0.323062
0.000010 0.004075 0.271632 0.724283
0.020715 0.048034 0.256500 0.674750
0.688855 0.000010 0.311125 0.000010
0.456640 0.000010 0.505807 0.037543
0.679324 0.000010 0.320656 0.000010
0.339795 0.000010 0.638179 0.022016
0.659543 0.001128 0.339319 0.000010
0.092314 0.000090 0.632273 0.275323
0.091804 0.000010 0.250146 0.658040
0.044846 0.042508 0.186716 0.725929
0.695775 0.000010 0.304205 0.000010
0.539181 0.001391 0.459418 0.000010
0.706111 0.006046 0.287833 0.000010
0.331444 0.000010 0.628101 0.040446
0.641238 0.000010 0.357875 0.000877
0.135146 0.000010 0.639890 0.224955
0.269637 0.000010 0.574476 0.155877
0.016887 0.050543 0.256931 0.675639
0.682561 0.000010 0.317419 0.000010
0.641045 0.006283 0.352662 0.000010
0.668977 0.002088 0.328925 0.000010
0.365043 0.000634 0.612075 0.022248
0.636233 0.000010 0.363747 0.000010
0.049022 0.009973 0.665624 0.275382
0.441438 0.001911 0.411015 0.145636
0.793252 0.000010 0.206728 0.000010
0.595908 0.001383 0.402699 0.000010
0.165166 0.000010 0.714083 0.120740
0.301317 0.002303 0.597630 0.098750
0.222427 0.014247 0.633532 0.129794
0.504567 0.020692 0.186643 0.288098
0.080283 0.009918 0.599170 0.310629
0.445428 0.007289 0.406477 0.140806
0.790201 0.000010 0.209779 0.000010
0.603068 0.000468 0.396454 0.000010
0.163950 0.000954 0.706214 0.128882
0.302402 0.001721 0.598164 0.097713
0.224048 0.012806 0.635818 0.127328
0.499439 0.019152 0.202602 0.278807
0.084140 0.001072 0.595717 0.319072
0.641230 0.000010 0.343500 0.015260
0.771532 0.000010 0.228448 0.000010
0.447818 0.000010 0.406588 0.145585
0.332647 0.000010 0.609606 0.057737
0.300657 0.000010 0.631972 0.067361
0.055187 0.000010 0.734968 0.209835
0.260967 0.043183 0.213722 0.482127
0.411317 0.000010 0.576427 0.012246
0.089879 0.025692 0.124504 0.759926
0.706836 0.002685 0.290469 0.000010
0.625207 0.001756 0.373027 0.000010
0.236617 0.010754 0.661528 0.091100
0.274789 0.011325 0.602252 0.111633
0.210604 0.000010 0.612730 0.176656
0.272794 0.039016 0.224537 0.463654
0.490906 0.000010 0.505925 0.003159
0.448199 0.000010 0.473544 0.078247
0.619206 0.001554 0.363383 0.015857
0.530668 0.000010 0.457262 0.012060
0.158246 0.000010 0.739219 0.102525
0.318882 0.010654 0.609039 0.061425
0.089053 0.006013 0.714599 0.190336
0.206745 0.024251 0.205751 0.563252
0.445997 0.000010 0.523230 0.030763
0.490585 0.002582 0.398747 0.108086
0.724291 0.000010 0.275689 0.000010
0.999970 0.000010 0.000010 0.000010
0.190007 0.006227 0.704255 0.099510
0.236301 0.007966 0.575966 0.179768
0.239158 0.019604 0.695140 0.046098
0.214175 0.000011 0.460031 0.325783
0.063053 0.041454 0.313451 0.582042
0.072799 0.054965 0.044000 0.828236
0.000010 0.017952 0.214542 0.767496
0.301028 0.000010 0.561314 0.137648
0.278825 0.012961 0.614001 0.094213
0.285270 0.001970 0.596382 0.116378
0.069505 0.068163 0.251268 0.611064
0.067597 0.061004 0.029468 0.841931
0.662365 0.000010 0.337615 0.000010
0.076445 0.022703 0.432354 0.468498
0.386621 0.021666 0.585257 0.006456
0.347739 0.000010 0.522375 0.129876
0.312797 0.008284 0.651877 0.027042
0.263600 0.010358 0.486658 0.239384
0.040719 0.065653 0.234728 0.658900
0.103554 0.062364 0.000010 0.834072
0.250173 0.010843 0.572244 0.166739
0.003739 0.019940 0.231740 0.744581
0.096556 0.000010 0.719138 0.184296
0.052111 0.059376 0.329873 0.558640
0.662996 0.000018 0.336976 0.000010
0.298448 0.000010 0.471285 0.230257
0.077759 0.060248 0.239579 0.622414
0.022582 0.719063 0.000010 0.258346
0.177476 0.001347 0.634028 0.187148
0.999970 0.000010 0.000010 0.000010
0.080460 0.000010 0.691706 0.227824
0.899901 0.002934 0.097156 0.000010
0.158049 0.000010 0.752263 0.089678
0.194498 0.000010 0.681831 0.123661
0.874053 0.000010 0.125927 0.000010
0.001715 0.775122 0.000010 0.223153
0.592122 0.005706 0.402162 0.000010
0.476634 0.001494 0.521862 0.000010
0.071948 0.001306 0.745375 0.181371
0.712295 0.003534 0.284161 0.000010
0.089285 0.000010 0.810438 0.100267
0.107777 0.000010 0.786270 0.105943
0.683976 0.002115 0.313899 0.000010
0.000010 0.793335 0.000010 0.206645
0.985032 0.000010 0.000010 0.014948
0.544124 0.001254 0.454613 0.000010
0.152341 0.003512 0.722568 0.121579
0.598439 0.000010 0.401541 0.000010
0.104854 0.000010 0.784037 0.111098
0.181474 0.000010 0.712133 0.106383
0.558941 0.001777 0.431376 0.007906
0.000010 0.784667 0.000010 0.215313
0.303714 0.000010 0.620344 0.075932
0.513813 0.020420 0.465758 0.000010
0.070624 0.000010 0.754303 0.175063
0.574169 0.000010 0.418740 0.007081
0.414288 0.000010 0.585692 0.000010
0.138511 0.000010 0.732104 0.129374
0.793630 0.005310 0.201050 0.000010
0.286917 0.010307 0.647446 0.055330
0.402606 0.006420 0.501276 0.089698
0.174155 0.033376 0.356067 0.436401
0.169661 0.005011 0.650076 0.175252
0.616445 0.000010 0.375893 0.007652
0.000010 0.013829 0.249642 0.736519
0.097324 0.000010 0.763665 0.139001
0.593622 0.000010 0.387382 0.018987
0.327573 0.000796 0.548981 0.122650
0.421373 0.000010 0.547205 0.031412
0.376228 0.000010 0.584951 0.038811
0.221596 0.000010 0.549383 0.229010
0.611588 0.000010 0.388392 0.000010
0.031054 0.019564 0.197946 0.751437
0.271119 0.000010 0.631249 0.097622
0.532734 0.021386 0.445870 0.000010
0.707116 0.000010 0.292864 0.000010
0.343547 0.000010 0.656433 0.000010
0.069438 0.000010 0.607119 0.323433
0.632018 0.001620 0.259858 0.106504
0.046070 0.044950 0.093746 0.815235
0.056973 0.000010 0.206793 0.736224
0.272960 0.000010 0.621102 0.105928
0.085649 0.054136 0.036340 0.823875
0.719901 0.000010 0.280079 0.000010
0.063725 0.011928 0.176806 0.747540
0.013573 0.000010 0.589708 0.396709
0.186210 0.000010 0.683837 0.129943
0.280614 0.000010 0.596464 0.122911
0.493635 0.000010 0.506345 0.000010
0.339463 0.000010 0.566509 0.094017
0.071748 0.039109 0.051113 0.838031
0.999963 0.000014 0.000013 0.000010
0.310204 0.000010 0.619183 0.070603
0.349923 0.000010 0.573394 0.076673
0.034179 0.000010 0.601793 0.364017
0.066344 0.000010 0.576110 0.357536
0.308734 0.001480 0.568954 0.120831
0.029318 0.070072 0.354142 0.546468
0.671010 0.004482 0.306628 0.017880
0.363022 0.000010 0.572834 0.064135
0.027077 0.000010 0.551759 0.421154
0.027655 0.000010 0.606360 0.365975
0.000010 0.000010 0.636175 0.363805
0.312491 0.001994 0.618060 0.067455
0.077802 0.059747 0.327824 0.534627
0.294811 0.000010 0.628131 0.077048
0.022208 0.000010 0.618637 0.359145
0.000010 0.000010 0.554184 0.445796
0.291729 0.000010 0.642955 0.065307
0.000010 0.000010 0.507693 0.492287
0.000010 0.000010 0.449557 0.550423
0.411159 0.000010 0.576943 0.011889
0.000010 0.000010 0.655860 0.344120
0.247989 0.000010 0.647476 0.104524
0.355193 0.000682 0.575614 0.068512
0.000010 0.000010 0.577418 0.422562
0.007009 0.000010 0.667193 0.325788
0.014665 0.000010 0.461691 0.523634
0.036010 0.000010 0.404411 0.559569
0.000010 0.000010 0.684689 0.315291
0.000010 0.000010 0.659161 0.340819
0.070372 0.000010 0.751232 0.178386
0.050175 0.032626 0.457110 0.460088
0.019141 0.000010 0.500247 0.480602
0.000010 0.000010 0.685996 0.313984
0.017479 0.000010 0.515898 0.466613
0.000010 0.000010 0.423974 0.576006
0.397859 0.007259 0.593794 0.001089
0.021589 0.000170 0.632654 0.345587
0.279324 0.030260 0.229562 0.460855
0.445490 0.001754 0.549629 0.003128
0.108808 0.025163 0.401292 0.464737
0.000010 0.000010 0.599570 0.400410
0.011054 0.004614 0.461426 0.522906
0.000010 0.000010 0.456705 0.543275
0.414715 0.001360 0.560000 0.023925
0.040377 0.000010 0.594060 0.365554
0.337886 0.000010 0.515644 0.146461
0.363081 0.001509 0.572321 0.063090
0.016957 0.038453 0.380658 0.563931
0.022877 0.000010 0.589637 0.387476
0.029671 0.000010 0.439088 0.531231
0.000010 0.000010 0.470524 0.529456
0.403735 0.004275 0.549221 0.042768
0.000010 0.000010 0.650018 0.349962
0.024247 0.065260 0.208647 0.701846
0.017871 0.000010 0.633873 0.348246
0.024144 0.022977 0.432862 0.520016
0.034948 0.000010 0.623277 0.341765
0.058479 0.000753 0.401590 0.539178
0.000010 0.000010 0.455818 0.544162
0.472099 0.000010 0.516400 0.011491
0.072217 0.000010 0.630757 0.297016
0.674531 0.005800 0.319659 0.000010
0.016907 0.000010 0.587796 0.395287
0.097333 0.030576 0.387178 0.484913
0.032808 0.000010 0.592708 0.374475
0.022531 0.000010 0.630812 0.346647
0.265867 0.000010 0.669440 0.064683
0.007016 0.059118 0.384188 0.549678
0.503950 0.000010 0.449113 0.046927
0.626479 0.000944 0.372567 0.000010
0.208835 0.007670 0.663393 0.120102
0.053666 0.030584 0.405644 0.510106
0.018066 0.000010 0.601317 0.380607
0.071439 0.000010 0.543783 0.384768
0.256050 0.004336 0.573481 0.166133
0.022077 0.081654 0.406113 0.490156
0.710793 0.004836 0.284360 0.000010
0.764763 0.000010 0.235217 0.000010
0.031561 0.037885 0.390896 0.539657
0.271639 0.000010 0.650483 0.077868
0.002990 0.000010 0.649722 0.347278
0.999345 0.000635 0.000010 0.000010
0.981177 0.000010 0.010734 0.008079
0.981694 0.000010 0.000010 0.018286
0.935030 0.000010 0.064950 0.000010
0.999970 0.000010 0.000010 0.000010
0.931963 0.000010 0.068017 0.000010
0.967557 0.000010 0.032423 0.000010
0.923600 0.000010 0.048643 0.027748
0.999970 0.000010 0.000010 0.000010
0.968995 0.000010 0.030985 0.000010
0.974323 0.000010 0.013678 0.011989
0.975080 0.000010 0.024900 0.000010
0.999970 0.000010 0.000010 0.000010
0.976129 0.000010 0.023851 0.000010
0.988182 0.000010 0.011798 0.000010
0.999970 0.000010 0.000010 0.000010
0.984381 0.000010 0.015599 0.000010
0.980937 0.000010 0.019043 0.000010
0.999970 0.000010 0.000010 0.000010
0.949270 0.000010 0.025531 0.025189
0.995179 0.000010 0.004801 0.000010
0.999970 0.000010 0.000010 0.000010
0.904618 0.000010 0.095362 0.000010
0.931538 0.000010 0.032957 0.035496
0.990366 0.000010 0.000010 0.009614
0.988735 0.000010 0.011243 0.000012
0.999970 0.000010 0.000010 0.000010
0.999970 0.000010 0.000010 0.000010
0.999970 0.000010 0.000010 0.000010
0.999970 0.000010 0.000010 0.000010
0.904492 0.003681 0.064012 0.027815
0.917039 0.000010 0.082941 0.000010
0.957390 0.000010 0.042590 0.000010
0.973029 0.000010 0.026951 0.000010
0.971716 0.000010 0.028264 0.000010
0.999970 0.000010 0.000010 0.000010
0.990660 0.000010 0.000010 0.009320
0.999970 0.000010 0.000010 0.000010
0.979874 0.000010 0.000010 0.020106
0.960212 0.000010 0.039768 0.000010
0.985108 0.000010 0.014872 0.000010
0.975838 0.000010 0.024142 0.000010
0.999970 0.000010 0.000010 0.000010
0.983291 0.000010 0.000010 0.016689
0.970738 0.000738 0.000010 0.028513
0.970921 0.000010 0.021755 0.007314
0.946427 0.000010 0.050159 0.003404
0.961239 0.000010 0.028549 0.010202
0.968719 0.000010 0.031261 0.000010
0.985164 0.000010 0.014816 0.000010
0.999970 0.000010 0.000010 0.000010
0.999970 0.000010 0.000010 0.000010
0.957403 0.000010 0.042577 0.000010
0.999970 0.000010 0.000010 0.000010
0.999967 0.000013 0.000010 0.000010
0.999970 0.000010 0.000010 0.000010
0.999970 0.000010 0.000010 0.000010
0.999970 0.000010 0.000010 0.000010
0.984017 0.000010 0.002529 0.013445
0.999970 0.000010 0.000010 0.000010
0.988154 0.000010 0.011826 0.000010
0.999970 0.000010 0.000010 0.000010
0.987600 0.001727 0.010663 0.000010
0.980660 0.000010 0.019320 0.000010
0.999970 0.000010 0.000010 0.000010
0.959864 0.000010 0.031720 0.008406
0.984934 0.000010 0.015046 0.000010
0.969297 0.000010 0.030683 0.000010
0.999970 0.000010 0.000010 0.000010
0.946875 0.000010 0.040201 0.012914
0.973149 0.000010 0.026831 0.000010
0.994578 0.000010 0.000010 0.005402
0.977411 0.000010 0.000010 0.022569
0.999970 0.000010 0.000010 0.000010
0.962557 0.000010 0.037423 0.000010
0.990760 0.000010 0.000010 0.009220
0.980712 0.000010 0.019268 0.000010
0.966311 0.000010 0.033669 0.000010
0.999970 0.000010 0.000010 0.000010
0.971210 0.000010 0.000010 0.028770
0.999970 0.000010 0.000010 0.000010
0.999970 0.000010 0.000010 0.000010
0.999970 0.000010 0.000010 0.000010
0.950794 0.000010 0.000010 0.049186
0.992498 0.000010 0.007482 0.000010
0.967592 0.000010 0.032388 0.000010
0.999970 0.000010 0.000010 0.000010
0.973354 0.000796 0.010435 0.015415
0.999970 0.000010 0.000010 0.000010
0.999970 0.000010 0.000010 0.000010
0.999970 0.000010 0.000010 0.000010
0.999970 0.000010 0.000010 0.000010
0.956661 0.000010 0.039767 0.003563
0.994151 0.005829 0.000010 0.000010
0.961853 0.000010 0.014459 0.023678
0.990779 0.000010 0.000010 0.009201
0.954547 0.000010 0.045433 0.000010
0.956556 0.000010 0.000010 0.043424
0.995283 0.000010 0.004697 0.000010
0.999970 0.000010 0.000010 0.000010
0.968588 0.000010 0.008015 0.023387
0.999970 0.000010 0.000010 0.000010
0.999970 0.000010 0.000010 0.000010
0.993671 0.000010 0.006309 0.000010
0.990102 0.002192 0.007696 0.000010
0.962197 0.000766 0.014402 0.022634
0.999970 0.000010 0.000010 0.000010
0.991763 0.000010 0.000010 0.008217
0.983885 0.000010 0.000010 0.016095
0.976610 0.000010 0.023370 0.000010
0.961610 0.000010 0.038370 0.000010
0.974008 0.002989 0.022993 0.000010
0.999970 0.000010 0.000010 0.000010
0.979804 0.000010 0.000010 0.020176
0.899564 0.007881 0.062655 0.029900
0.994060 0.005145 0.000785 0.000010
0.999970 0.000010 0.000010 0.000010
0.956707 0.000010 0.026093 0.017190
0.999970 0.000010 0.000010 0.000010
0.959915 0.015709 0.011007 0.013369
0.999970 0.000010 0.000010 0.000010
0.997865 0.000010 0.002115 0.000010
0.912249 0.000010 0.087731 0.000010
0.964326 0.000010 0.025783 0.009881
0.918252 0.000010 0.070487 0.011251
0.991010 0.000010 0.000010 0.008970
0.972722 0.000010 0.027258 0.000010
0.989897 0.000010 0.010083 0.000010
0.934464 0.000010 0.065516 0.000010
0.999970 0.000010 0.000010 0.000010
0.990504 0.000010 0.003560 0.005926
0.980177 0.000010 0.019803 0.000010
0.966600 0.000010 0.018081 0.015309
0.987104 0.000010 0.012121 0.000765
0.998185 0.000010 0.001795 0.000010
0.999970 0.000010 0.000010 0.000010
0.999970 0.000010 0.000010 0.000010
0.992357 0.000010 0.007623 0.000010
0.993280 0.000010 0.000010 0.006700
0.988128 0.000010 0.011852 0.000010
0.967415 0.000010 0.032565 0.000010
0.986485 0.000010 0.000010 0.013495
0.981764 0.000010 0.018216 0.000010
0.999970 0.000010 0.000010 0.000010
0.992792 0.000010 0.000010 0.007188
0.999970 0.000010 0.000010 0.000010
0.920172 0.000010 0.079808 0.000010
0.909790 0.000010 0.070014 0.020186
0.995756 0.002763 0.001471 0.000010
0.999970 0.000010 0.000010 0.000010
0.990384 0.000010 0.009596 0.000010
0.953803 0.000010 0.041171 0.005017
0.946547 0.000010 0.053204 0.000239
0.972008 0.000010 0.027972 0.000010
0.999970 0.000010 0.000010 0.000010
0.999970 0.000010 0.000010 0.000010
0.973891 0.000010 0.026089 0.000010
0.985797 0.000010 0.014183 0.000010
0.981347 0.000010 0.018633 0.000010
0.991257 0.001054 0.007679 0.000010
0.999970 0.000010 0.000010 0.000010
0.973212 0.000010 0.026768 0.000010
0.999970 0.000010 0.000010 0.000010
0.996158 0.003822 0.000010 0.000010
0.888722 0.000010 0.111258 0.000010
0.999970 0.000010 0.000010 0.000010
0.926086 0.000010 0.073894 0.000010
0.951580 0.003421 0.044989 0.000010
0.917861 0.000010 0.039712 0.042417
0.954617 0.000010 0.041442 0.003931
0.999970 0.000010 0.000010 0.000010
0.999970 0.000010 0.000010 0.000010
0.944192 0.000010 0.055788 0.000010
0.999970 0.000010 0.000010 0.000010
0.999970 0.000010 0.000010 0.000010
0.959881 0.000010 0.040099 0.000010
0.964570 0.000010 0.028170 0.007249
0.969574 0.000010 0.030406 0.000010
0.955075 0.000010 0.044905 0.000010
0.968943 0.000010 0.031037 0.000010
0.990785 0.000010 0.000010 0.009195
0.977396 0.000010 0.009587 0.013007
0.999970 0.000010 0.000010 0.000010
0.978791 0.006810 0.000010 0.014389
0.949699 0.000010 0.050281 0.000010
0.979648 0.000010 0.020332 0.000010
0.991158 0.000010 0.000010 0.008822
0.903354 0.000010 0.056223 0.040413
0.999970 0.000010 0.000010 0.000010
0.933552 0.000010 0.050199 0.016239
0.999968 0.000010 0.000012 0.000010
0.999970 0.000010 0.000010 0.000010
0.945951 0.000010 0.048076 0.005963
0.999970 0.000010 0.000010 0.000010
0.910504 0.000914 0.068462 0.020120
0.999970 0.000010 0.000010 0.000010
0.964818 0.000010 0.035162 0.000010
0.933905 0.013221 0.016491 0.036383
0.934330 0.000010 0.065650 0.000010
0.999961 0.000019 0.000010 0.000010
0.995557 0.000010 0.004423 0.000010
0.952515 0.000010 0.040685 0.006790
0.962841 0.000010 0.019691 0.017458
0.999970 0.000010 0.000010 0.000010
0.982657 0.000010 0.000010 0.017323
0.999970 0.000010 0.000010 0.000010
0.954610 0.000010 0.045370 0.000010
0.999970 0.000010 0.000010 0.000010
0.999970 0.000010 0.000010 0.000010
0.973444 0.000010 0.026536 0.000010
0.974090 0.000010 0.018157 0.007744
0.999970 0.000010 0.000010 0.000010
0.983489 0.000010 0.010087 0.006413
0.999970 0.000010 0.000010 0.000010
0.980981 0.000010 0.018999 0.000010
0.975518 0.000010 0.024462 0.000010
0.975531 0.000010 0.000010 0.024449
0.984311 0.000010 0.015396 0.000283
0.999967 0.000010 0.000013 0.000010
0.965721 0.000010 0.034259 0.000010
0.971324 0.000010 0.022907 0.005759
0.999970 0.000010 0.000010 0.000010
0.941074 0.000010 0.058906 0.000010
0.999970 0.000010 0.000010 0.000010
0.999970 0.000010 0.000010 0.000010
0.999970 0.000010 0.000010 0.000010
0.988812 0.000010 0.011168 0.000010
0.999970 0.000010 0.000010 0.000010
0.999970 0.000010 0.000010 0.000010
0.995772 0.000010 0.000010 0.004208
0.966086 0.000010 0.033894 0.000010
0.999970 0.000010 0.000010 0.000010
0.966501 0.000010 0.033479 0.000010
0.917119 0.000374 0.069381 0.013126
0.989668 0.000010 0.010312 0.000010
0.922390 0.000272 0.031225 0.046113
0.968462 0.000010 0.031518 0.000010
0.949651 0.000010 0.024562 0.025778
0.999970 0.000010 0.000010 0.000010
0.973019 0.000010 0.026961 0.000010
0.995215 0.000010 0.004765 0.000010
0.969028 0.000010 0.000010 0.030952
0.957644 0.000010 0.042336 0.000010
0.969353 0.004815 0.021096 0.004736
0.953024 0.000010 0.046956 0.000010
0.942625 0.000010 0.057355 0.000010
0.974207 0.000010 0.025773 0.000010
0.999970 0.000010 0.000010 0.000010
0.999970 0.000010 0.000010 0.000010
0.999970 0.000010 0.000010 0.000010
0.944618 0.000010 0.025549 0.029823
0.971495 0.000010 0.000010 0.028485
0.963677 0.000010 0.036303 0.000010
0.987143 0.000010 0.012837 0.000010
0.986122 0.000010 0.013858 0.000010
0.995412 0.000010 0.000010 0.004568
0.965549 0.000010 0.000010 0.034431
0.967609 0.000010 0.011276 0.021105
0.941053 0.000010 0.058927 0.000010
0.971249 0.001771 0.023427 0.003554
0.958837 0.000010 0.020528 0.020625
0.993937 0.000010 0.003174 0.002879
0.967095 0.000010 0.024780 0.008115
0.975238 0.001387 0.003657 0.019719
0.999970 0.000010 0.000010 0.000010
0.893162 0.000010 0.106818 0.000010
0.861086 0.000010 0.097186 0.041719
0.978142 0.000010 0.000010 0.021838
0.977390 0.000010 0.022590 0.000010
0.959789 0.000010 0.035713 0.004488
0.982928 0.000010 0.017052 0.000010
0.924424 0.000010 0.075556 0.000010
0.998431 0.000010 0.001549 0.000010
0.982211 0.000010 0.000010 0.017769
0.960435 0.000010 0.039545 0.000010
0.999970 0.000010 0.000010 0.000010
0.999970 0.000010 0.000010 0.000010
0.999970 0.000010 0.000010 0.000010
0.946531 0.000010 0.053449 0.000010
0.971763 0.000010 0.028217 0.000010
0.999970 0.000010 0.000010 0.000010
0.897975 0.000010 0.095215 0.006799
0.973165 0.000010 0.019644 0.007181
0.938942 0.003548 0.057500 0.000010
0.990863 0.000214 0.000010 0.008913
0.999970 0.000010 0.000010 0.000010
0.984262 0.000010 0.015718 0.000010
0.906547 0.000010 0.093433 0.000010
0.983770 0.000010 0.000010 0.016210
0.939887 0.000010 0.060093 0.000010
0.962137 0.000010 0.000813 0.037040
0.998978 0.000010 0.000010 0.001002
0.999970 0.000010 0.000010 0.000010
0.972140 0.000010 0.013026 0.014825
0.982839 0.000010 0.002991 0.014160
0.999970 0.000010 0.000010 0.000010
0.980540 0.000010 0.002190 0.017259
0.978042 0.000010 0.021938 0.000010
0.999970 0.000010 0.000010 0.000010
0.990434 0.000010 0.009546 0.000010
0.999970 0.000010 0.000010 0.000010
0.928274 0.000010 0.071706 0.000010
0.986111 0.000010 0.013869 0.000010
0.940971 0.000010 0.059009 0.000010
0.958680 0.000010 0.041300 0.000010
0.999970 0.000010 0.000010 0.000010
0.990674 0.000010 0.006989 0.002327
0.952702 0.000010 0.000010 0.047278
0.924421 0.004163 0.071406 0.000010
0.994318 0.000624 0.000010 0.005048
0.999970 0.000010 0.000010 0.000010
0.940412 0.006869 0.052709 0.000010
0.999970 0.000010 0.000010 0.000010
0.981100 0.000010 0.000010 0.018880
0.980111 0.000010 0.000010 0.019869
0.966421 0.000010 0.033559 0.000010
0.971854 0.000010 0.015241 0.012896
0.983738 0.001996 0.014256 0.000010
0.988443 0.000010 0.000010 0.011537
0.999970 0.000010 0.000010 0.000010
0.961560 0.000010 0.038420 0.000010
0.999970 0.000010 0.000010 0.000010
0.986689 0.000010 0.013291 0.000010
0.983794 0.000010 0.016186 0.000010
0.979643 0.000010 0.020337 0.000010
0.999970 0.000010 0.000010 0.000010
0.971738 0.000010 0.000010 0.028242
0.970299 0.000010 0.011944 0.017748
0.953307 0.000010 0.046673 0.000010
0.974511 0.000010 0.008820 0.016659
0.939590 0.000010 0.044565 0.015835
0.978587 0.000010 0.008097 0.013306
0.999970 0.000010 0.000010 0.000010
0.982205 0.000010 0.017775 0.000010
0.969795 0.000010 0.012609 0.017586
0.999970 0.000010 0.000010 0.000010
0.969500 0.000010 0.018048 0.012443
0.905662 0.000010 0.094318 0.000010
0.999970 0.000010 0.000010 0.000010
0.979250 0.000013 0.020727 0.000010
0.960369 0.000010 0.039611 0.000010
0.999970 0.000010 0.000010 0.000010
0.999970 0.000010 0.000010 0.000010
0.983937 0.000010 0.000010 0.016043
0.999970 0.000010 0.000010 0.000010
0.973737 0.000010 0.026243 0.000010
0.999970 0.000010 0.000010 0.000010
0.999970 0.000010 0.000010 0.000010
0.945510 0.000010 0.043633 0.010847
0.954550 0.003595 0.041844 0.000010
0.929688 0.000010 0.060738 0.009563
0.992879 0.000010 0.000010 0.007101
0.983851 0.000010 0.016129 0.000010
0.999970 0.000010 0.000010 0.000010
0.995338 0.004642 0.000010 0.000010
0.999970 0.000010 0.000010 0.000010
0.990238 0.000010 0.009742 0.000010
0.984841 0.000010 0.000010 0.015139
0.997242 0.000010 0.000010 0.002738
0.959756 0.000010 0.034392 0.005842
0.958544 0.000010 0.025150 0.016296
0.992452 0.000010 0.000010 0.007528
0.998630 0.001350 0.000010 0.000010
0.966204 0.000010 0.033776 0.000010
0.996038 0.000010 0.000434 0.003518
0.999970 0.000010 0.000010 0.000010
0.961676 0.000010 0.038304 0.000010
0.985908 0.000010 0.000010 0.014072
0.999970 0.000010 0.000010 0.000010
0.923994 0.000010 0.023399 0.052597
0.960638 0.000010 0.039342 0.000010
0.987177 0.000010 0.012803 0.000010
0.999970 0.000010 0.000010 0.000010
0.999970 0.000010 0.000010 0.000010
0.999970 0.000010 0.000010 0.000010
0.999970 0.000010 0.000010 0.000010
0.999970 0.000010 0.000010 0.000010
0.956445 0.001931 0.041614 0.000010
0.905775 0.000010 0.094205 0.000010
0.987580 0.000010 0.000010 0.012400
0.979703 0.003708 0.016579 0.000010
0.999970 0.000010 0.000010 0.000010
0.950232 0.000150 0.011804 0.037814
0.993405 0.000010 0.000010 0.006575
0.965516 0.000010 0.034464 0.000010
0.994378 0.000010 0.005602 0.000010
0.938945 0.000010 0.061035 0.000010
0.999970 0.000010 0.000010 0.000010
0.999970 0.000010 0.000010 0.000010
0.909009 0.000010 0.090971 0.000010
0.999970 0.000010 0.000010 0.000010
0.999970 0.000010 0.000010 0.000010
0.999970 0.000010 0.000010 0.000010
0.975290 0.000010 0.016145 0.008555
0.964068 0.000010 0.023218 0.012705
0.950862 0.000010 0.028795 0.020333
0.976604 0.000010 0.015061 0.008325
0.991292 0.000010 0.008688 0.000010
0.998227 0.001753 0.000010 0.000010
0.986296 0.000010 0.013684 0.000010
0.999970 0.000010 0.000010 0.000010
0.963185 0.000010 0.028160 0.008644
0.967474 0.000010 0.032506 0.000010
0.967206 0.000010 0.002251 0.030533
0.999970 0.000010 0.000010 0.000010
0.999970 0.000010 0.000010 0.000010
0.979172 0.000010 0.009247 0.011571
0.969219 0.003186 0.000010 0.027585
0.999970 0.000010 0.000010 0.000010
0.954764 0.000010 0.026620 0.018605
0.982853 0.000010 0.017127 0.000010
0.952102 0.000010 0.022162 0.025727
0.978354 0.000010 0.021626 0.000010
0.990068 0.000010 0.009912 0.000010
0.992760 0.000010 0.007220 0.000010
0.898004 0.000010 0.101976 0.000010
0.949252 0.000015 0.050723 0.000010
0.999970 0.000010 0.000010 0.000010
0.977438 0.000010 0.022542 0.000010
0.986367 0.002420 0.011204 0.000010
0.973538 0.000010 0.026442 0.000010
0.995565 0.000010 0.000475 0.003950
0.999970 0.000010 0.000010 0.000010
0.999970 0.000010 0.000010 0.000010
0.965889 0.000899 0.033202 0.000010
0.991501 0.000010 0.000010 0.008479
0.987881 0.000010 0.012099 0.000010
0.976038 0.000010 0.023942 0.000010
0.999970 0.000010 0.000010 0.000010
0.999970 0.000010 0.000010 0.000010
0.984180 0.000010 0.000010 0.015800
0.987442 0.000010 0.000010 0.012538
0.999970 0.000010 0.000010 0.000010
0.987060 0.003920 0.009010 0.000010
0.978752 0.000010 0.002130 0.019108
0.999970 0.000010 0.000010 0.000010
0.954143 0.000010 0.000010 0.045837
0.932673 0.000010 0.067307 0.000010
0.915781 0.000010 0.084199 0.000010
0.992330 0.006741 0.000918 0.000010
0.978794 0.002428 0.013721 0.005057
0.928467 0.000010 0.071513 0.000010
0.999970 0.000010 0.000010 0.000010
0.999970 0.000010 0.000010 0.000010
0.974601 0.000010 0.025379 0.000010
0.999970 0.000010 0.000010 0.000010
0.939117 0.000010 0.008950 0.051923
0.992434 0.000010 0.007546 0.000010
0.999970 0.000010 0.000010 0.000010
0.999970 0.000010 0.000010 0.000010
0.999970 0.000010 0.000010 0.000010
0.963629 0.000010 0.036351 0.000010
0.999970 0.000010 0.000010 0.000010
0.935648 0.000010 0.064332 0.000010
0.918916 0.000010 0.065906 0.015169
0.999970 0.000010 0.000010 0.000010
0.996085 0.003895 0.000010 0.000010
0.975231 0.000010 0.011065 0.013694
0.999970 0.000010 0.000010 0.000010
0.999970 0.000010 0.000010 0.000010
0.999860 0.000010 0.000120 0.000010
0.971518 0.001240 0.027233 0.000010
0.991913 0.000010 0.008067 0.000010
0.999970 0.000010 0.000010 0.000010
0.999970 0.000010 0.000010 0.000010
0.996356 0.000010 0.003624 0.000010
0.999970 0.000010 0.000010 0.000010
0.986474 0.001769 0.000010 0.011747
0.941190 0.000010 0.020408 0.038392
0.999970 0.000010 0.000010 0.000010
0.991261 0.000010 0.000010 0.008719
0.999970 0.000010 0.000010 0.000010
0.984148 0.000010 0.015832 0.000010
0.967299 0.000010 0.001113 0.031578
0.999970 0.000010 0.000010 0.000010
0.973218 0.000010 0.026762 0.000010
0.989506 0.000010 0.010474 0.000010
0.991654 0.000010 0.000010 0.008326
0.960735 0.000010 0.000010 0.039245
0.999970 0.000010 0.000010 0.000010
0.988350 0.000010 0.011630 0.000010
0.914700 0.000010 0.069289 0.016001
0.999970 0.000010 0.000010 0.000010
0.999970 0.000010 0.000010 0.000010
0.964883 0.000010 0.035097 0.000010
0.999970 0.000010 0.000010 0.000010
0.949157 0.000010 0.050823 0.000010
0.982038 0.000010 0.000010 0.017942
0.991700 0.000010 0.003947 0.004343
0.982331 0.000010 0.009867 0.007793
0.969925 0.000010 0.000010 0.030055
0.999970 0.000010 0.000010 0.000010
0.934482 0.002371 0.043622 0.019526
0.963394 0.000010 0.021294 0.015302
0.971971 0.000010 0.003710 0.024309
0.999970 0.000010 0.000010 0.000010
0.949771 0.000010 0.050209 0.000010
0.972745 0.000010 0.019278 0.007967
0.974926 0.000010 0.025054 0.000010
0.999970 0.000010 0.000010 0.000010
0.999970 0.000010 0.000010 0.000010
0.950946 0.000010 0.049034 0.000010
0.989594 0.000010 0.010386 0.000010
0.999970 0.000010 0.000010 0.000010
0.988978 0.000010 0.011002 0.000010
0.976929 0.000010 0.023051 0.000010
0.999970 0.000010 0.000010 0.000010
0.999970 0.000010 0.000010 0.000010
0.969480 0.000010 0.030500 0.000010
0.992149 0.000010 0.007831 0.000010
0.999970 0.000010 0.000010 0.000010
0.970697 0.000010 0.029283 0.000010
0.972851 0.000010 0.008700 0.018439
0.980034 0.000010 0.019227 0.000729
0.988010 0.000010 0.004065 0.007915
0.992096 0.000010 0.000010 0.007884
0.938158 0.000010 0.026414 0.035418
0.959628 0.000010 0.040352 0.000010
0.999970 0.000010 0.000010 0.000010
0.999970 0.000010 0.000010 0.000010
0.999970 0.000010 0.000010 0.000010
0.977666 0.000010 0.022314 0.000010
0.957237 0.000010 0.042743 0.000010
0.999970 0.000010 0.000010 0.000010
0.908880 0.000010 0.084399 0.006712
0.999970 0.000010 0.000010 0.000010
0.999970 0.000010 0.000010 0.000010
0.996872 0.000010 0.003108 0.000010
0.999970 0.000010 0.000010 0.000010
0.950606 0.000010 0.024453 0.024931
0.997782 0.000010 0.002198 0.000010
0.969769 0.000010 0.027774 0.002448
0.989910 0.000010 0.000010 0.010070
0.988867 0.000010 0.011113 0.000010
0.997414 0.000010 0.000010 0.002566
0.957273 0.000010 0.042707 0.000010
0.999970 0.000010 0.000010 0.000010
0.999970 0.000010 0.000010 0.000010
0.958862 0.000010 0.041118 0.000010
0.966392 0.000010 0.033588 0.000010
0.986191 0.000010 0.000010 0.013789
0.999970 0.000010 0.000010 0.000010
0.998890 0.001090 0.000010 0.000010
0.999970 0.000010 0.000010 0.000010
0.986904 0.000010 0.013076 0.000010
0.999970 0.000010 0.000010 0.000010
0.960410 0.000016 0.000010 0.039564
0.979540 0.000010 0.000010 0.020440
0.972936 0.000010 0.000010 0.027044
0.999970 0.000010 0.000010 0.000010
0.992972 0.000010 0.000010 0.007008
0.932503 0.000010 0.067477 0.000010
0.986803 0.000010 0.000010 0.013177
0.999970 0.000010 0.000010 0.000010
0.426781 0.000010 0.536496 0.036713
0.505672 0.008105 0.453692 0.032532
0.357538 0.000010 0.502911 0.139542
0.204946 0.000010 0.706999 0.088045
0.495889 0.000010 0.473673 0.030428
0.000010 0.000010 0.639798 0.360182
0.097785 0.000010 0.603590 0.298616
0.074347 0.000475 0.554453 0.370724
0.012796 0.076156 0.343797 0.567251
0.336028 0.000377 0.497706 0.165890
0.331689 0.006744 0.560009 0.101557
0.184563 0.000010 0.665167 0.150260
0.607922 0.001621 0.390448 0.000010
0.076272 0.041344 0.389838 0.492546
0.074708 0.052013 0.245574 0.627705
0.472893 0.000010 0.519362 0.007735
0.090946 0.005476 0.571861 0.331716
0.015372 0.010845 0.581301 0.392481
0.050017 0.024072 0.493421 0.432490
0.000010 0.000010 0.533239 0.466741
0.530157 0.000010 0.468135 0.001698
0.586036 0.000010 0.413944 0.000010
0.011049 0.003398 0.663405 0.322148
0.032446 0.002165 0.646742 0.318646
0.175328 0.000010 0.567164 0.257498
0.163508 0.000010 0.587010 0.249472
0.035788 0.000010 0.555064 0.409138
0.010095 0.000010 0.608470 0.381425
0.053966 0.000010 0.366545 0.579479
0.517816 0.000010 0.482164 0.000010
0.255180 0.006804 0.457231 0.280785
0.027491 0.055762 0.311588 0.605158
0.290711 0.139260 0.102733 0.467296
0.001431 0.001188 0.638728 0.358654
0.007583 0.063398 0.348757 0.580261
0.058077 0.026925 0.194017 0.720981
0.070099 0.018284 0.406846 0.504771
0.080690 0.071071 0.014835 0.833404
0.637525 0.000010 0.362455 0.000010
0.021060 0.048702 0.310821 0.619418
0.040862 0.014679 0.743797 0.200662
0.000010 0.000010 0.589215 0.410765
0.273316 0.000010 0.719486 0.007188
0.220055 0.000010 0.674851 0.105083
0.000010 0.005257 0.536340 0.458393
0.698868 0.000423 0.300699 0.000010
0.384086 0.000010 0.462422 0.153482
0.016179 0.000010 0.616681 0.367130
0.141806 0.000010 0.698260 0.159923
0.057193 0.058959 0.272417 0.611431
0.623342 0.000010 0.371856 0.004792
0.457762 0.000010 0.515967 0.026261
0.189800 0.000010 0.654120 0.156070
0.434591 0.000156 0.534230 0.031023
0.050151 0.081506 0.251173 0.617170
0.050924 0.000010 0.632006 0.317060
0.000010 0.004140 0.516400 0.479450
0.505781 0.010310 0.378279 0.105631
0.346478 0.000010 0.432017 0.221495
0.056813 0.000010 0.550525 0.392651
0.008882 0.011279 0.304919 0.674920
0.056504 0.060357 0.135441 0.747698
0.328304 0.000010 0.581400 0.090286
0.563977 0.000010 0.436003 0.000010
0.766774 0.000010 0.233206 0.000010
0.285547 0.009413 0.575370 0.129671
0.218678 0.000010 0.578512 0.202800
0.366915 0.000010 0.511556 0.121519
0.085091 0.088024 0.105123 0.721763
0.312316 0.000010 0.595710 0.091964
0.322974 0.000010 0.476292 0.200724
0.155276 0.001965 0.553363 0.289395
0.436974 0.006464 0.500362 0.056199
0.056317 0.000010 0.619347 0.324326
0.051185 0.000010 0.578163 0.370641
0.481879 0.000010 0.518101 0.000010
0.143176 0.066229 0.132001 0.658594
0.244508 0.000010 0.715305 0.040177
0.253702 0.000010 0.636972 0.109316
0.249662 0.000010 0.623523 0.126805
0.581175 0.008424 0.380091 0.030311
0.012490 0.000010 0.588153 0.399347
0.268719 0.000010 0.642260 0.089011
0.037599 0.000010 0.560020 0.402371
0.617517 0.000010 0.382463 0.000010
0.001354 0.078988 0.230157 0.689501
0.000010 0.002997 0.574775 0.422217
0.250555 0.005114 0.534944 0.209387
0.000010 0.006312 0.663470 0.330208
0.338741 0.006742 0.414115 0.240401
0.116273 0.000010 0.493614 0.390103
0.999961 0.000019 0.000010 0.000010
0.461360 0.017697 0.348188 0.172755
0.524762 0.000010 0.412934 0.062295
0.384220 0.000010 0.521309 0.094461
0.276561 0.000010 0.564989 0.158440
0.094619 0.117330 0.017509 0.770542
0.300607 0.005932 0.571056 0.122405
0.000010 0.008503 0.220129 0.771358
0.240616 0.001505 0.542695 0.215183
0.448142 0.000010 0.519838 0.032011
0.597179 0.016585 0.345192 0.041044
0.046264 0.080144 0.091992 0.781600
0.026865 0.076638 0.165986 0.730511
0.044586 0.000010 0.501341 0.454062
0.211118 0.000010 0.375179 0.413693
0.273222 0.003201 0.505208 0.218368
0.551939 0.000010 0.448041 0.000010
0.481819 0.000010 0.494811 0.023360
0.022408 0.022489 0.275471 0.679633
0.801176 0.000847 0.197967 0.000010
0.205129 0.000010 0.663311 0.131550
0.538365 0.000600 0.426040 0.034994
0.525166 0.000010 0.424717 0.050107
0.556431 0.000010 0.374198 0.069361
0.003426 0.010073 0.609062 0.377439
0.013823 0.109972 0.108541 0.767665
0.465294 0.000010 0.507671 0.027024
0.603530 0.000010 0.396450 0.000010
0.944507 0.000010 0.000010 0.055473
0.017255 0.056598 0.249728 0.676419
0.441745 0.000010 0.505941 0.052304
0.617355 0.000010 0.382625 0.000010
0.140192 0.000010 0.647645 0.212153
0.504385 0.012220 0.480172 0.003224
0.031966 0.091591 0.163659 0.712783
0.151249 0.000010 0.139658 0.709083
0.520272 0.008809 0.412187 0.058733
0.591292 0.017055 0.389980 0.001673
0.112270 0.000010 0.385552 0.502168
0.244400 0.004063 0.637931 0.113607
0.637155 0.006335 0.356500 0.000010
0.203437 0.000010 0.595146 0.201407
0.201852 0.000010 0.565296 0.232841
0.601459 0.000010 0.391203 0.007329
0.476681 0.013986 0.306919 0.202413
0.110849 0.008840 0.724196 0.156115
0.591052 0.001004 0.407933 0.000010
0.144853 0.000010 0.633013 0.222124
0.638990 0.001419 0.359582 0.000010
0.625533 0.000671 0.317160 0.056637
0.500478 0.009685 0.469403 0.020434
0.453920 0.000010 0.546060 0.000010
0.115898 0.000010 0.695142 0.188950
0.134247 0.011627 0.417987 0.436139
0.009079 0.008613 0.614931 0.367377
0.030814 0.000010 0.760125 0.209051
0.244739 0.015625 0.578307 0.161330
0.533681 0.014367 0.426677 0.025275
0.035743 0.009344 0.217786 0.737127
0.077722 0.044600 0.118092 0.759586
0.018493 0.063051 0.301962 0.616495
0.370049 0.003145 0.509855 0.116952
0.055698 0.070011 0.133782 0.740509
0.314431 0.024183 0.446445 0.214941
0.093051 0.000010 0.449671 0.457267
0.137476 0.003716 0.724411 0.134397
0.543710 0.000188 0.456092 0.000010
0.057299 0.014799 0.286943 0.640958
0.255966 0.000010 0.659243 0.084781
0.725053 0.001966 0.272971 0.000010
0.072984 0.043369 0.190434 0.693214
0.433339 0.000010 0.489182 0.077469
0.596842 0.000010 0.397491 0.005657
0.319060 0.000010 0.640179 0.040751
0.038992 0.084439 0.129389 0.747179
0.036198 0.022735 0.217394 0.723673
0.603168 0.000010 0.396812 0.000010
0.701007 0.007236 0.291747 0.000010
0.065387 0.003995 0.575921 0.354696
0.170510 0.000010 0.581467 0.248013
0.286973 0.006075 0.494022 0.212929
0.046072 0.000010 0.448587 0.505331
0.718926 0.001329 0.279735 0.000010
0.227879 0.074143 0.217975 0.480003
0.140709 0.000010 0.650533 0.208748
0.426826 0.138743 0.412180 0.022251
0.561989 0.000010 0.437991 0.000010
0.509619 0.000010 0.490361 0.000010
0.605528 0.000010 0.379563 0.014899
0.794588 0.000010 0.205392 0.000010
0.021406 0.000010 0.559148 0.419435
0.000010 0.000010 0.274397 0.725583
0.584044 0.001750 0.414196 0.000010
0.999970 0.000010 0.000010 0.000010
0.039401 0.000010 0.549753 0.410836
0.685243 0.000010 0.314737 0.000010
0.060619 0.020293 0.143153 0.775935
0.284310 0.000010 0.482051 0.233629
0.018598 0.058297 0.256044 0.667061
0.473761 0.000010 0.526219 0.000010
0.630840 0.001878 0.367272 0.000010
0.049710 0.000010 0.594678 0.355601
0.431056 0.000010 0.557773 0.011161
0.544597 0.000010 0.449993 0.005400
0.085637 0.002356 0.580030 0.331977
0.474740 0.000010 0.488153 0.037097
0.436507 0.000010 0.511521 0.051962
0.458835 0.000010 0.541145 0.000010
0.455566 0.000010 0.502014 0.042410
0.251366 0.000010 0.507218 0.241407
0.055162 0.000010 0.546368 0.398461
0.582794 0.000010 0.417186 0.000010
0.301632 0.011118 0.542759 0.144491
0.131450 0.000010 0.676509 0.192031
0.694721 0.000010 0.305259 0.000010
0.206247 0.000010 0.628143 0.165600
0.465094 0.000010 0.511134 0.023761
0.587268 0.000010 0.412712 0.000010
