0.933609 0.000010 0.066381
0.909570 0.000010 0.090420
0.959970 0.000274 0.039755
0.879486 0.000847 0.119667
0.219578 0.064780 0.715642
0.734682 0.000010 0.265308
0.873607 0.000010 0.126383
0.855949 0.000010 0.144041
0.870038 0.000104 0.129858
0.911980 0.000010 0.088010
0.904483 0.000010 0.095507
0.885663 0.004789 0.109548
0.252150 0.056771 0.691079
0.568170 0.000010 0.431820
0.872865 0.001746 0.125389
0.803447 0.000010 0.196543
0.883839 0.004157 0.112004
0.871873 0.000010 0.128117
0.930226 0.000010 0.069764
0.813663 0.001968 0.184368
0.214430 0.057609 0.727961
0.521479 0.000010 0.478511
0.273522 0.009364 0.717114
0.834000 0.000919 0.165081
0.893280 0.004804 0.101916
0.857244 0.000010 0.142746
0.904793 0.000010 0.095197
0.796029 0.002290 0.201681
0.211549 0.061887 0.726563
0.589758 0.000010 0.410232
0.238250 0.007948 0.753802
0.876641 0.000010 0.123349
0.882048 0.000010 0.117942
0.871413 0.000010 0.128577
0.945598 0.000048 0.054354
0.815825 0.001501 0.182674
0.255545 0.041913 0.702542
0.597149 0.000010 0.402841
0.278375 0.009189 0.712435
0.852550 0.000010 0.147440
0.862607 0.002350 0.135042
0.857613 0.000010 0.142377
0.945040 0.000010 0.054950
0.903502 0.000010 0.096488
0.449902 0.008753 0.541345
0.659883 0.000010 0.340107
0.274044 0.012207 0.713749
0.839451 0.000010 0.160539
0.874685 0.000010 0.125305
0.809169 0.000010 0.190821
0.592558 0.000010 0.407432
0.717078 0.000010 0.282912
0.771415 0.000010 0.228575
0.567484 0.000010 0.432506
0.232442 0.011903 0.755654
0.621929 0.002580 0.375492
0.863626 0.000010 0.136364
0.836832 0.000010 0.163158
0.640261 0.000010 0.359729
0.676388 0.072249 0.251363
0.723500 0.000010 0.276490
0.865020 0.000010 0.134970
0.223250 0.004790 0.771960
0.633165 0.000010 0.366825
0.810742 0.000857 0.188401
0.837982 0.005419 0.156599
0.690161 0.000010 0.309829
0.651259 0.053970 0.294771
0.785435 0.000010 0.214555
0.871411 0.000010 0.128579
0.074131 0.048227 0.877642
0.529312 0.012237 0.458451
0.820229 0.000010 0.179761
0.822570 0.000010 0.177420
0.783541 0.000010 0.216449
0.634448 0.039784 0.325768
0.714695 0.000010 0.285295
0.894155 0.000010 0.105835
0.059520 0.045842 0.894638
0.557971 0.000010 0.442019
0.803768 0.000010 0.196222
0.815857 0.000010 0.184133
0.792550 0.000010 0.207440
0.696726 0.009250 0.294024
0.679904 0.000010 0.320086
0.898191 0.001782 0.100027
0.277818 0.030856 0.691326
0.587755 0.000010 0.412235
0.911982 0.000010 0.088008
0.797512 0.000010 0.202478
0.999980 0.000010 0.000010
0.711567 0.000010 0.288423
0.997176 0.002814 0.000010
0.883092 0.000010 0.116898
0.082525 0.103604 0.813872
0.729502 0.000010 0.270488
0.892400 0.000010 0.107590
0.678262 0.000010 0.321728
0.860501 0.000010 0.139489
0.449417 0.056384 0.494199
0.066409 0.042194 0.891398
0.104634 0.081994 0.813372
0.932801 0.000010 0.067189
0.847329 0.000010 0.152661
0.909376 0.000010 0.090614
0.711256 0.000010 0.288734
0.903094 0.000010 0.096896
0.370962 0.009954 0.619084
0.081011 0.039238 0.879751
0.106103 0.095921 0.797976
0.932772 0.000010 0.067218
0.762692 0.000010 0.237298
0.909311 0.000010 0.090679
0.681874 0.000010 0.318116
0.889191 0.001150 0.109659
0.406803 0.005745 0.587452
0.179751 0.037329 0.782920
0.098144 0.096059 0.805797
0.928452 0.000010 0.071538
0.841675 0.001382 0.156942
0.898942 0.005788 0.095270
0.688077 0.000010 0.311913
0.872836 0.000010 0.127154
0.465689 0.003094 0.531217
0.584945 0.000010 0.415045
0.104589 0.092996 0.802416
0.916706 0.000010 0.083284
0.878471 0.000010 0.121519
0.882081 0.001712 0.116207
0.712886 0.000010 0.287104
0.914881 0.000010 0.085109
0.370543 0.011047 0.618410
0.673881 0.003804 0.322315
0.985645 0.000010 0.014345
0.866278 0.000010 0.133712
0.548125 0.000010 0.451865
0.620213 0.000010 0.379777
0.557016 0.009680 0.433305
0.610554 0.045656 0.343790
0.364574 0.013950 0.621476
0.676758 0.008335 0.314906
0.980978 0.001605 0.017417
0.869031 0.000010 0.130959
0.541922 0.001942 0.456136
0.621132 0.000010 0.378858
0.558682 0.010368 0.430950
0.614792 0.042021 0.343187
0.367640 0.008560 0.623800
0.871071 0.000010 0.128919
0.946443 0.000010 0.053547
0.667362 0.000010 0.332628
0.667658 0.000010 0.332332
0.646193 0.000010 0.353797
0.431734 0.000600 0.567666
0.355425 0.079142 0.565433
0.743765 0.000010 0.256225
0.104700 0.078729 0.816571
0.935614 0.000418 0.063967
0.892610 0.000942 0.106448
0.602229 0.004120 0.393651
0.602954 0.010269 0.386778
0.523885 0.000010 0.476105
0.372303 0.071630 0.556067
0.788628 0.000010 0.211362
0.727269 0.000010 0.272721
0.868783 0.000010 0.131207
0.832294 0.000010 0.167696
0.559980 0.000010 0.440010
0.654323 0.003322 0.342355
0.444076 0.005823 0.550100
0.284262 0.062231 0.653508
0.753667 0.000010 0.246323
0.712046 0.001020 0.286934
0.961381 0.000658 0.037961
0.999980 0.000010 0.000010
0.559535 0.000010 0.440455
0.552907 0.007908 0.439184
0.621413 0.001382 0.377206
0.447396 0.011412 0.541193
0.188113 0.077004 0.734883
0.055071 0.119960 0.824970
0.048778 0.058447 0.892774
0.606644 0.000010 0.393346
0.611356 0.003525 0.385118
0.614087 0.000490 0.385423
0.162500 0.108690 0.728809
0.046257 0.136858 0.816885
0.960620 0.000010 0.039370
0.268537 0.045472 0.685991
0.726946 0.010818 0.262236
0.640948 0.002175 0.356877
0.671183 0.000010 0.328807
0.515415 0.013943 0.470642
0.124846 0.114225 0.760929
0.061793 0.139482 0.798726
0.538273 0.010209 0.451517
0.068094 0.066638 0.865268
0.466659 0.000010 0.533331
0.189369 0.094510 0.716120
0.944382 0.000010 0.055608
0.559893 0.000010 0.440097
0.158622 0.101574 0.739803
0.022506 0.774744 0.202750
0.495790 0.002703 0.501508
0.998686 0.001304 0.000010
0.423218 0.000010 0.576772
0.991895 0.002857 0.005248
0.562997 0.000010 0.436993
0.543088 0.000010 0.456902
0.990226 0.003239 0.006535
0.006495 0.829328 0.164176
0.893753 0.006061 0.100186
0.800893 0.000010 0.199097
0.453493 0.000010 0.546497
0.934291 0.005178 0.060530
0.525166 0.000010 0.474824
0.520286 0.000010 0.479704
0.905128 0.001481 0.093391
0.000010 0.846569 0.153421
0.985901 0.000010 0.014089
0.840388 0.000010 0.159602
0.532681 0.000010 0.467309
0.846735 0.000010 0.153255
0.499769 0.000010 0.500221
0.579464 0.000010 0.420526
0.830563 0.000010 0.169427
0.000010 0.838225 0.161765
0.651632 0.000010 0.348358
0.807588 0.012891 0.179522
0.451009 0.000010 0.548981
0.837979 0.000010 0.162011
0.782732 0.000010 0.217258
0.539916 0.000010 0.460074
0.945879 0.004686 0.049435
0.635980 0.000010 0.364010
0.692410 0.003262 0.304328
0.337355 0.055997 0.606648
0.505668 0.002022 0.492309
0.847842 0.000010 0.152148
0.059818 0.047470 0.892713
0.491776 0.000010 0.508214
0.828866 0.000010 0.171124
0.632632 0.000010 0.367358
0.749407 0.000010 0.250583
0.701244 0.000010 0.298746
0.509008 0.000010 0.490982
0.893110 0.000010 0.106880
0.078060 0.062726 0.859214
0.612821 0.000010 0.387169
0.812912 0.015976 0.171111
0.968284 0.000010 0.031706
0.737634 0.000010 0.262356
0.350557 0.000010 0.649433
0.806556 0.010588 0.182856
0.053973 0.110682 0.835344
0.116207 0.040099 0.843694
0.615770 0.000010 0.384220
0.064821 0.124807 0.810372
0.984471 0.001305 0.014224
0.105240 0.059723 0.835036
0.282080 0.001286 0.716634
0.547914 0.000010 0.452076
0.606282 0.000010 0.393708
0.818016 0.000010 0.181974
0.656134 0.000010 0.343856
0.058034 0.109246 0.832720
0.999980 0.000010 0.000010
0.651162 0.000010 0.348828
0.676490 0.000010 0.323500
0.305327 0.000010 0.694663
0.333975 0.000010 0.666015
0.631342 0.003253 0.365405
0.177878 0.099439 0.722683
0.876511 0.000010 0.123479
0.688765 0.000010 0.311225
0.269749 0.000010 0.730241
0.301202 0.003683 0.695115
0.273633 0.000010 0.726357
0.666730 0.001118 0.332152
0.215893 0.088661 0.695446
0.639660 0.000010 0.360330
0.306999 0.000010 0.692991
0.250452 0.001895 0.747653
0.635214 0.000010 0.364776
0.206066 0.000959 0.792975
0.178175 0.011154 0.810671
0.759157 0.000010 0.240833
0.298125 0.000010 0.701865
0.593647 0.000010 0.406343
0.686779 0.000010 0.313211
0.234312 0.004321 0.761367
0.306004 0.000010 0.693986
0.204723 0.006587 0.788690
0.192965 0.020620 0.786415
0.308222 0.000010 0.691768
0.281151 0.000640 0.718210
0.457885 0.000010 0.542105
0.257185 0.051140 0.691676
0.233019 0.003906 0.763075
0.307768 0.000010 0.692222
0.235714 0.007554 0.756731
0.166504 0.005901 0.827595
0.747124 0.000010 0.252866
0.307832 0.004943 0.687225
0.382530 0.055433 0.562037
0.770384 0.000010 0.229606
0.294429 0.048740 0.656831
0.261989 0.001050 0.736961
0.197691 0.025444 0.776865
0.181902 0.015658 0.802440
0.753952 0.000010 0.246038
0.307920 0.000010 0.692070
0.627067 0.000240 0.372692
0.699225 0.001125 0.299650
0.166801 0.065096 0.768104
0.288973 0.002964 0.708063
0.209585 0.021613 0.768803
0.184915 0.001837 0.813248
0.713998 0.000887 0.285114
0.271028 0.000010 0.728962
0.087353 0.114026 0.798621
0.307009 0.000010 0.692981
0.208416 0.045613 0.745971
0.326801 0.000010 0.673189
0.217882 0.024502 0.757615
0.155936 0.014945 0.829119
0.805229 0.000010 0.194761
0.374485 0.001024 0.624491
0.909117 0.005181 0.085702
0.285166 0.000010 0.714824
0.267582 0.056388 0.676031
0.291648 0.000010 0.708342
0.305800 0.001696 0.692504
0.636608 0.000010 0.363382
0.168862 0.087407 0.743731
0.770332 0.000010 0.229658
0.870708 0.000010 0.129282
0.557351 0.003495 0.439154
0.230944 0.056853 0.712202
0.276142 0.000010 0.723848
0.326817 0.000010 0.673173
0.558960 0.005356 0.435684
0.200904 0.107801 0.691296
0.940856 0.003330 0.055814
0.971956 0.000010 0.028034
0.200250 0.066968 0.732782
0.619048 0.000010 0.380942
0.289807 0.002054 0.708139
0.999319 0.000671 0.000010
0.999980 0.000010 0.000010
0.995393 0.000010 0.004597
0.990031 0.000010 0.009959
0.999980 0.000010 0.000010
0.995278 0.000010 0.004712
0.999980 0.000010 0.000010
0.970708 0.000719 0.028573
0.999980 0.000010 0.000010
0.999980 0.000010 0.000010
0.996004 0.003274 0.000722
0.999980 0.000010 0.000010
0.999980 0.000010 0.000010
0.999980 0.000010 0.000010
0.999980 0.000010 0.000010
0.999980 0.000010 0.000010
0.999980 0.000010 0.000010
0.999980 0.000010 0.000010
0.999980 0.000010 0.000010
0.975555 0.000010 0.024435
0.999980 0.000010 0.000010
0.999980 0.000010 0.000010
0.981448 0.000010 0.018542
0.968186 0.003204 0.028610
0.992249 0.000010 0.007741
0.999980 0.000010 0.000010
0.999980 0.000010 0.000010
0.999980 0.000010 0.000010
0.999980 0.000010 0.000010
0.999980 0.000010 0.000010
0.960770 0.008070 0.031160
0.996674 0.000010 0.003316
0.999980 0.000010 0.000010
0.999980 0.000010 0.000010
0.999980 0.000010 0.000010
0.999980 0.000010 0.000010
0.999980 0.000010 0.000010
0.999980 0.000010 0.000010
0.989037 0.000010 0.010953
0.997655 0.002335 0.000010
0.999980 0.000010 0.000010
0.999980 0.000010 0.000010
0.999980 0.000010 0.000010
0.987196 0.000010 0.012794
0.978114 0.003853 0.018032
0.993966 0.000010 0.006024
0.989201 0.000538 0.010262
0.988934 0.000010 0.011056
0.999980 0.000010 0.000010
0.999980 0.000010 0.000010
0.999980 0.000010 0.000010
0.999980 0.000010 0.000010
0.999980 0.000010 0.000010
0.999980 0.000010 0.000010
0.999980 0.000010 0.000010
0.999980 0.000010 0.000010
0.999980 0.000010 0.000010
0.999980 0.000010 0.000010
0.997168 0.000010 0.002822
0.999980 0.000010 0.000010
0.999980 0.000010 0.000010
0.999980 0.000010 0.000010
0.999980 0.000010 0.000010
0.999980 0.000010 0.000010
0.999980 0.000010 0.000010
0.988423 0.000010 0.011567
0.999980 0.000010 0.000010
0.999980 0.000010 0.000010
0.999980 0.000010 0.000010
0.978580 0.000010 0.021410
0.999980 0.000010 0.000010
0.999980 0.000010 0.000010
0.982154 0.000010 0.017836
0.999980 0.000010 0.000010
0.999980 0.000010 0.000010
0.997295 0.002695 0.000010
0.999980 0.000010 0.000010
0.999980 0.000010 0.000010
0.999980 0.000010 0.000010
0.978238 0.000010 0.021752
0.999980 0.000010 0.000010
0.999980 0.000010 0.000010
0.999980 0.000010 0.000010
0.965607 0.000010 0.034383
0.999980 0.000010 0.000010
0.999980 0.000010 0.000010
0.999980 0.000010 0.000010
0.994089 0.002551 0.003360
0.999980 0.000010 0.000010
0.999980 0.000010 0.000010
0.999980 0.000010 0.000010
0.999980 0.000010 0.000010
0.996734 0.000010 0.003256
0.996084 0.003906 0.000010
0.989198 0.004133 0.006668
0.999980 0.000010 0.000010
0.992009 0.000010 0.007981
0.966414 0.000010 0.033576
0.999980 0.000010 0.000010
0.999980 0.000010 0.000010
0.987812 0.000010 0.012178
0.999980 0.000010 0.000010
0.999980 0.000010 0.000010
0.999980 0.000010 0.000010
0.999980 0.000010 0.000010
0.989682 0.010308 0.000010
0.999980 0.000010 0.000010
0.999980 0.000010 0.000010
0.998123 0.000010 0.001867
0.991059 0.000010 0.008931
0.999980 0.000010 0.000010
0.993057 0.006933 0.000010
0.999980 0.000010 0.000010
0.981604 0.000010 0.018386
0.949157 0.010419 0.040424
0.998445 0.001545 0.000010
0.999980 0.000010 0.000010
0.986282 0.001420 0.012298
0.999980 0.000010 0.000010
0.982153 0.017837 0.000010
0.999980 0.000010 0.000010
0.999980 0.000010 0.000010
0.999208 0.000010 0.000782
0.986656 0.000010 0.013334
0.977987 0.000010 0.022003
0.999619 0.000371 0.000010
0.999980 0.000010 0.000010
0.999980 0.000010 0.000010
0.999980 0.000010 0.000010
0.999980 0.000010 0.000010
0.999980 0.000010 0.000010
0.999980 0.000010 0.000010
0.983702 0.000010 0.016288
0.999980 0.000010 0.000010
0.999980 0.000010 0.000010
0.999980 0.000010 0.000010
0.999980 0.000010 0.000010
0.999980 0.000010 0.000010
0.999980 0.000010 0.000010
0.999980 0.000010 0.000010
0.999980 0.000010 0.000010
0.995273 0.000010 0.004717
0.999980 0.000010 0.000010
0.999980 0.000010 0.000010
0.999980 0.000010 0.000010
0.999980 0.000010 0.000010
0.999980 0.000010 0.000010
0.962939 0.000010 0.037051
0.997134 0.002856 0.000010
0.999980 0.000010 0.000010
0.999980 0.000010 0.000010
0.992319 0.000010 0.007671
0.993582 0.000010 0.006408
0.999980 0.000010 0.000010
0.999980 0.000010 0.000010
0.999980 0.000010 0.000010
0.999980 0.000010 0.000010
0.999980 0.000010 0.000010
0.990678 0.000010 0.009312
0.999980 0.000010 0.000010
0.999980 0.000010 0.000010
0.999980 0.000010 0.000010
0.999980 0.000010 0.000010
0.996518 0.003472 0.000010
0.978536 0.000010 0.021454
0.999980 0.000010 0.000010
0.999980 0.000010 0.000010
0.997051 0.002939 0.000010
0.949797 0.001989 0.048214
0.995659 0.003359 0.000982
0.999980 0.000010 0.000010
0.999980 0.000010 0.000010
0.999980 0.000010 0.000010
0.999980 0.000010 0.000010
0.999980 0.000010 0.000010
0.999980 0.000010 0.000010
0.989956 0.000010 0.010034
0.999979 0.000011 0.000010
0.999980 0.000010 0.000010
0.999980 0.000010 0.000010
0.999980 0.000010 0.000010
0.996803 0.000010 0.003187
0.999980 0.000010 0.000010
0.990906 0.009084 0.000010
0.999980 0.000010 0.000010
0.999980 0.000010 0.000010
0.992392 0.000010 0.007598
0.940695 0.000010 0.059295
0.999980 0.000010 0.000010
0.980493 0.000010 0.019497
0.999980 0.000010 0.000010
0.999980 0.000010 0.000010
0.986116 0.000010 0.013874
0.999980 0.000010 0.000010
0.962020 0.000010 0.037970
0.999980 0.000010 0.000010
0.999980 0.000010 0.000010
0.954499 0.015920 0.029581
0.999980 0.000010 0.000010
0.999980 0.000010 0.000010
0.999980 0.000010 0.000010
0.984600 0.000010 0.015390
0.981486 0.000010 0.018504
0.999980 0.000010 0.000010
0.997678 0.000010 0.002312
0.999980 0.000010 0.000010
0.999980 0.000010 0.000010
0.999980 0.000010 0.000010
0.999980 0.000010 0.000010
0.999980 0.000010 0.000010
0.997181 0.000010 0.002809
0.999980 0.000010 0.000010
0.999980 0.000010 0.000010
0.999980 0.000010 0.000010
0.999980 0.000010 0.000010
0.999980 0.000010 0.000010
0.981589 0.000010 0.018401
0.999980 0.000010 0.000010
0.999980 0.000010 0.000010
0.999980 0.000010 0.000010
0.998482 0.000010 0.001508
0.999980 0.000010 0.000010
0.992417 0.000010 0.007573
0.999980 0.000010 0.000010
0.999980 0.000010 0.000010
0.999980 0.000010 0.000010
0.999980 0.000010 0.000010
0.999980 0.000010 0.000010
0.999980 0.000010 0.000010
0.999980 0.000010 0.000010
0.999980 0.000010 0.000010
0.999980 0.000010 0.000010
0.999980 0.000010 0.000010
0.978903 0.005177 0.015921
0.999980 0.000010 0.000010
0.956902 0.007287 0.035810
0.999980 0.000010 0.000010
0.972730 0.000010 0.027260
0.999980 0.000010 0.000010
0.999980 0.000010 0.000010
0.999980 0.000010 0.000010
0.983550 0.000010 0.016440
0.992970 0.000010 0.007020
0.992787 0.007203 0.000010
0.999980 0.000010 0.000010
0.999204 0.000010 0.000786
0.999980 0.000010 0.000010
0.999980 0.000010 0.000010
0.999980 0.000010 0.000010
0.999980 0.000010 0.000010
0.970395 0.000010 0.029595
0.982355 0.000010 0.017635
0.999980 0.000010 0.000010
0.999980 0.000010 0.000010
0.999980 0.000010 0.000010
0.995850 0.000010 0.004140
0.967645 0.000010 0.032345
0.988749 0.004349 0.006902
0.996999 0.000010 0.002991
0.999980 0.000010 0.000010
0.989878 0.000010 0.010112
0.999980 0.000010 0.000010
0.996410 0.000010 0.003580
0.984789 0.004297 0.010914
0.999980 0.000010 0.000010
0.986899 0.000010 0.013091
0.932372 0.000010 0.067618
0.981323 0.000010 0.018667
0.999980 0.000010 0.000010
0.990067 0.000010 0.009923
0.999980 0.000010 0.000010
0.999980 0.000010 0.000010
0.999980 0.000010 0.000010
0.993097 0.006589 0.000315
0.999980 0.000010 0.000010
0.999980 0.000010 0.000010
0.999980 0.000010 0.000010
0.999980 0.000010 0.000010
0.997002 0.000010 0.002988
0.999980 0.000010 0.000010
0.999980 0.000010 0.000010
0.967397 0.000010 0.032593
0.993339 0.000010 0.006651
0.995645 0.004345 0.000010
0.999980 0.000010 0.000010
0.999980 0.000010 0.000010
0.999980 0.000010 0.000010
0.999980 0.000010 0.000010
0.995349 0.004641 0.000010
0.988142 0.000010 0.011848
0.978215 0.001728 0.020057
0.999980 0.000010 0.000010
0.999980 0.000010 0.000010
0.993800 0.000010 0.006190
0.999980 0.000010 0.000010
0.999980 0.000010 0.000010
0.999436 0.000010 0.000554
0.999980 0.000010 0.000010
0.999980 0.000010 0.000010
0.999980 0.000010 0.000010
0.999980 0.000010 0.000010
0.999980 0.000010 0.000010
0.999980 0.000010 0.000010
0.999980 0.000010 0.000010
0.999980 0.000010 0.000010
0.999980 0.000010 0.000010
0.999980 0.000010 0.000010
0.966447 0.000010 0.033543
0.987505 0.005516 0.006979
0.998377 0.001613 0.000010
0.999980 0.000010 0.000010
0.992017 0.007973 0.000010
0.999980 0.000010 0.000010
0.999130 0.000010 0.000860
0.982297 0.000010 0.017693
0.999980 0.000010 0.000010
0.999980 0.000010 0.000010
0.999980 0.000010 0.000010
0.988083 0.000010 0.011907
0.999980 0.000010 0.000010
0.999980 0.000010 0.000010
0.999980 0.000010 0.000010
0.999980 0.000010 0.000010
0.999980 0.000010 0.000010
0.999980 0.000010 0.000010
0.999980 0.000010 0.000010
0.973931 0.000010 0.026059
0.992619 0.004849 0.002531
0.999980 0.000010 0.000010
0.994241 0.000010 0.005749
0.981144 0.000010 0.018846
0.998362 0.001628 0.000010
0.999980 0.000010 0.000010
0.999980 0.000010 0.000010
0.985952 0.000010 0.014038
0.999980 0.000010 0.000010
0.995507 0.004483 0.000010
0.999980 0.000010 0.000010
0.999980 0.000010 0.000010
0.999973 0.000017 0.000010
0.999980 0.000010 0.000010
0.999980 0.000010 0.000010
0.999980 0.000010 0.000010
0.985134 0.000010 0.014856
0.999980 0.000010 0.000010
0.999980 0.000010 0.000010
0.999980 0.000010 0.000010
0.999980 0.000010 0.000010
0.986789 0.000010 0.013201
0.997482 0.002508 0.000010
0.980144 0.000010 0.019846
0.998289 0.000010 0.001701
0.999980 0.000010 0.000010
0.999980 0.000010 0.000010
0.997055 0.002935 0.000010
0.999980 0.000010 0.000010
0.999980 0.000010 0.000010
0.999507 0.000483 0.000010
0.999980 0.000010 0.000010
0.987678 0.000010 0.012312
0.989243 0.002089 0.008667
0.991834 0.000010 0.008156
0.999980 0.000010 0.000010
0.999980 0.000010 0.000010
0.999980 0.000010 0.000010
0.999980 0.000010 0.000010
0.992414 0.000010 0.007576
0.994321 0.000010 0.005669
0.999980 0.000010 0.000010
0.944479 0.000010 0.055511
0.999980 0.000010 0.000010
0.999980 0.000010 0.000010
0.997846 0.002144 0.000010
0.999980 0.000010 0.000010
0.999980 0.000010 0.000010
0.999980 0.000010 0.000010
0.999980 0.000010 0.000010
0.996579 0.001262 0.002159
0.994768 0.000010 0.005222
0.999980 0.000010 0.000010
0.999198 0.000792 0.000010
0.999980 0.000010 0.000010
0.964681 0.005082 0.030238
0.999980 0.000010 0.000010
0.999980 0.000010 0.000010
0.999980 0.000010 0.000010
0.999980 0.000010 0.000010
0.999980 0.000010 0.000010
0.999980 0.000010 0.000010
0.999980 0.000010 0.000010
0.999980 0.000010 0.000010
0.999980 0.000010 0.000010
0.999980 0.000010 0.000010
0.993408 0.000010 0.006582
0.989745 0.000010 0.010245
0.979420 0.000010 0.020570
0.999919 0.000010 0.000071
0.999980 0.000010 0.000010
0.999980 0.000010 0.000010
0.999980 0.000010 0.000010
0.999980 0.000010 0.000010
0.991691 0.000010 0.008299
0.999980 0.000010 0.000010
0.979897 0.000010 0.020093
0.999980 0.000010 0.000010
0.999980 0.000010 0.000010
0.999980 0.000010 0.000010
0.977307 0.003455 0.019239
0.999980 0.000010 0.000010
0.978440 0.000010 0.021550
0.999980 0.000010 0.000010
0.979301 0.000010 0.020689
0.999980 0.000010 0.000010
0.999980 0.000010 0.000010
0.999980 0.000010 0.000010
0.978069 0.000010 0.021921
0.999971 0.000019 0.000010
0.999980 0.000010 0.000010
0.999980 0.000010 0.000010
0.997555 0.002435 0.000010
0.999980 0.000010 0.000010
0.997558 0.000010 0.002432
0.998907 0.001083 0.000010
0.999980 0.000010 0.000010
0.998489 0.001501 0.000010
0.999980 0.000010 0.000010
0.999980 0.000010 0.000010
0.995829 0.000010 0.004161
0.999980 0.000010 0.000010
0.999980 0.000010 0.000010
0.999980 0.000010 0.000010
0.995245 0.000010 0.004745
0.999980 0.000010 0.000010
0.997118 0.002872 0.000010
0.994046 0.000010 0.005944
0.999980 0.000010 0.000010
0.958620 0.005571 0.035809
0.999980 0.000010 0.000010
0.991186 0.000010 0.008804
0.997176 0.002814 0.000010
0.995224 0.004766 0.000010
0.999980 0.000010 0.000010
0.999973 0.000017 0.000010
0.999980 0.000010 0.000010
0.999980 0.000010 0.000010
0.999980 0.000010 0.000010
0.959783 0.000010 0.040207
0.999980 0.000010 0.000010
0.999980 0.000010 0.000010
0.999980 0.000010 0.000010
0.999957 0.000010 0.000033
0.999980 0.000010 0.000010
0.999980 0.000010 0.000010
0.999897 0.000093 0.000010
0.971581 0.000010 0.028409
0.999980 0.000010 0.000010
0.997947 0.002043 0.000010
0.986617 0.000010 0.013373
0.999980 0.000010 0.000010
0.999980 0.000010 0.000010
0.999980 0.000010 0.000010
0.998615 0.001375 0.000010
0.999910 0.000080 0.000010
0.999980 0.000010 0.000010
0.999980 0.000010 0.000010
0.999980 0.000010 0.000010
0.999980 0.000010 0.000010
0.995917 0.004073 0.000010
0.965661 0.000010 0.034329
0.999980 0.000010 0.000010
0.998581 0.001409 0.000010
0.999980 0.000010 0.000010
0.999980 0.000010 0.000010
0.974407 0.000010 0.025583
0.999980 0.000010 0.000010
0.999980 0.000010 0.000010
0.999980 0.000010 0.000010
0.999980 0.000010 0.000010
0.981382 0.002592 0.016026
0.999980 0.000010 0.000010
0.999980 0.000010 0.000010
0.965217 0.000010 0.034773
0.999980 0.000010 0.000010
0.999980 0.000010 0.000010
0.999980 0.000010 0.000010
0.999980 0.000010 0.000010
0.999980 0.000010 0.000010
0.994446 0.000010 0.005544
0.999980 0.000010 0.000010
0.990887 0.000010 0.009103
0.987626 0.000010 0.012364
0.999980 0.000010 0.000010
0.974837 0.007163 0.018001
0.992130 0.000010 0.007860
0.978856 0.000010 0.021134
0.999980 0.000010 0.000010
0.995093 0.000010 0.004897
0.999387 0.000010 0.000603
0.999980 0.000010 0.000010
0.999980 0.000010 0.000010
0.999980 0.000010 0.000010
0.999980 0.000010 0.000010
0.999980 0.000010 0.000010
0.999980 0.000010 0.000010
0.999980 0.000010 0.000010
0.999980 0.000010 0.000010
0.999980 0.000010 0.000010
0.999980 0.000010 0.000010
0.999980 0.000010 0.000010
0.999980 0.000010 0.000010
0.999980 0.000010 0.000010
0.999980 0.000010 0.000010
0.995078 0.000010 0.004912
0.998852 0.001138 0.000010
0.999980 0.000010 0.000010
0.999980 0.000010 0.000010
0.966018 0.000010 0.033972
0.999980 0.000010 0.000010
0.999980 0.000010 0.000010
0.999980 0.000010 0.000010
0.999980 0.000010 0.000010
0.999980 0.000010 0.000010
0.999980 0.000010 0.000010
0.999980 0.000010 0.000010
0.985327 0.000613 0.014060
0.999980 0.000010 0.000010
0.999980 0.000010 0.000010
0.999980 0.000010 0.000010
0.999980 0.000010 0.000010
0.975213 0.000010 0.024777
0.999980 0.000010 0.000010
0.996978 0.000010 0.003012
0.999827 0.000010 0.000163
0.999980 0.000010 0.000010
0.998791 0.001199 0.000010
0.999980 0.000010 0.000010
0.999980 0.000010 0.000010
0.999980 0.000010 0.000010
0.992682 0.000010 0.007308
0.999980 0.000010 0.000010
0.998817 0.000010 0.001173
0.999980 0.000010 0.000010
0.999980 0.000010 0.000010
0.999980 0.000010 0.000010
0.999980 0.000010 0.000010
0.999976 0.000014 0.000010
0.974761 0.000010 0.025229
0.999980 0.000010 0.000010
0.985661 0.000010 0.014329
0.999980 0.000010 0.000010
0.994460 0.000010 0.005530
0.987843 0.000010 0.012147
0.992569 0.005122 0.002308
0.999980 0.000010 0.000010
0.739300 0.000010 0.260690
0.774685 0.004160 0.221155
0.628233 0.000010 0.371757
0.582566 0.000010 0.417424
0.778621 0.000010 0.221369
0.272062 0.001886 0.726052
0.397122 0.000010 0.602868
0.338412 0.014153 0.647435
0.151335 0.109529 0.739136
0.610998 0.002344 0.386658
0.646611 0.006362 0.347026
0.527998 0.000010 0.471992
0.893500 0.000883 0.105617
0.250824 0.071915 0.677261
0.161218 0.095660 0.743122
0.795254 0.000010 0.204736
0.360889 0.011517 0.627594
0.266195 0.017602 0.716203
0.267777 0.039789 0.692434
0.228200 0.001481 0.770318
0.817483 0.000010 0.182507
0.863242 0.000010 0.136748
0.325261 0.003549 0.671189
0.329774 0.005081 0.665145
0.459719 0.000010 0.540271
0.457463 0.000010 0.542527
0.279557 0.001322 0.719120
0.286254 0.001637 0.712110
0.202149 0.027522 0.770329
0.818947 0.000010 0.181043
0.490090 0.017522 0.492388
0.145936 0.093701 0.760363
0.327811 0.179576 0.492613
0.278595 0.003962 0.717443
0.146033 0.095215 0.758752
0.110719 0.079580 0.809701
0.232470 0.040071 0.727459
0.052254 0.152713 0.795033
0.906905 0.000010 0.093085
0.135823 0.086406 0.777771
0.401953 0.012236 0.585810
0.250214 0.000010 0.749776
0.688918 0.000010 0.311072
0.572932 0.000010 0.427058
0.228495 0.013654 0.757850
0.935284 0.002222 0.062495
0.639970 0.000010 0.360020
0.275177 0.000010 0.724813
0.504976 0.000010 0.495014
0.160554 0.101666 0.737780
0.892002 0.000010 0.107988
0.770232 0.000010 0.229758
0.520533 0.000010 0.479457
0.755308 0.000010 0.244682
0.141768 0.125232 0.733001
0.348209 0.000010 0.651781
0.197126 0.011316 0.791559
0.725303 0.010292 0.264405
0.564764 0.003566 0.431670
0.300963 0.001142 0.697894
0.119128 0.046146 0.834725
0.081928 0.120290 0.797782
0.666769 0.000010 0.333221
0.934146 0.000010 0.065844
0.968560 0.000010 0.031430
0.590462 0.007316 0.402222
0.505146 0.000010 0.494844
0.644319 0.000010 0.355671
0.095846 0.142828 0.761326
0.628260 0.000010 0.371730
0.567985 0.000010 0.432005
0.427528 0.008338 0.564133
0.728984 0.003559 0.267457
0.341102 0.001673 0.657225
0.316476 0.006047 0.677477
0.820612 0.000010 0.179378
0.174974 0.118917 0.706109
0.632843 0.000010 0.367147
0.603443 0.000010 0.396547
0.581493 0.000010 0.418497
0.835591 0.008901 0.155508
0.273791 0.000010 0.726199
0.621765 0.000010 0.378225
0.280172 0.000010 0.719818
0.903297 0.000010 0.096693
0.079944 0.130500 0.789556
0.231872 0.005183 0.762945
0.526757 0.006405 0.466837
0.284808 0.009641 0.705550
0.555918 0.012141 0.431941
0.344879 0.010490 0.644632
0.999980 0.000010 0.000010
0.657320 0.022777 0.319903
0.774195 0.000010 0.225795
0.682634 0.000010 0.317356
0.571214 0.000010 0.428776
0.068171 0.185545 0.746284
0.615689 0.008096 0.376216
0.055954 0.063873 0.880173
0.517290 0.004780 0.477930
0.755523 0.000010 0.244467
0.822636 0.016236 0.161129
0.055313 0.140261 0.804426
0.071648 0.134727 0.793625
0.265629 0.008109 0.726262
0.389059 0.016680 0.594261
0.540888 0.003840 0.455272
0.851878 0.000010 0.148112
0.779617 0.000010 0.220373
0.120221 0.066197 0.813582
0.990854 0.001506 0.007640
0.565021 0.000010 0.434969
0.801287 0.000010 0.198703
0.769375 0.000010 0.230615
0.794425 0.000010 0.205565
0.265451 0.016235 0.718315
0.033037 0.171309 0.795655
0.760506 0.000010 0.239484
0.867381 0.000010 0.132609
0.967548 0.000010 0.032442
0.102855 0.101371 0.795775
0.725056 0.000010 0.274934
0.882337 0.000010 0.117653
0.463302 0.003121 0.533577
0.819621 0.006407 0.173972
0.075993 0.150395 0.773612
0.180255 0.048029 0.771716
0.765679 0.007526 0.226795
0.873153 0.013118 0.113729
0.250510 0.000010 0.749480
0.582706 0.004035 0.413259
0.891686 0.003839 0.104476
0.508554 0.002507 0.488939
0.486017 0.000010 0.513973
0.866606 0.000010 0.133384
0.652397 0.027320 0.320284
0.484206 0.000606 0.515188
0.926932 0.000771 0.072297
0.454681 0.000010 0.545309
0.883516 0.000010 0.116474
0.838566 0.003135 0.158299
0.780825 0.000010 0.219165
0.816180 0.000010 0.183810
0.474497 0.000010 0.525493
0.317850 0.027709 0.654441
0.301206 0.018342 0.680452
0.421286 0.000010 0.578704
0.554234 0.013971 0.431795
0.792956 0.010032 0.197012
0.101652 0.049871 0.848477
0.091899 0.102975 0.805126
0.135401 0.099185 0.765414
0.661655 0.003909 0.334436
0.080101 0.126667 0.793233
0.567500 0.035574 0.396926
0.291837 0.010254 0.697909
0.512230 0.003246 0.484524
0.868517 0.000010 0.131473
0.160691 0.053521 0.785788
0.611594 0.000010 0.388396
0.929253 0.000025 0.070722
0.128239 0.093622 0.778139
0.715962 0.000010 0.284028
0.844100 0.000010 0.155890
0.673743 0.000010 0.326247
0.066658 0.141637 0.791705
0.101532 0.062245 0.836223
0.888128 0.000010 0.111862
0.896480 0.005203 0.098317
0.320642 0.005436 0.673922
0.451254 0.000010 0.548736
0.544344 0.009916 0.445741
0.244900 0.017348 0.737752
0.945506 0.010794 0.043700
0.321632 0.110191 0.568177
0.471260 0.000010 0.528730
0.678037 0.131563 0.190400
0.828364 0.000010 0.171626
0.848280 0.000010 0.151710
0.867476 0.000010 0.132514
0.998244 0.001746 0.000010
0.270289 0.000010 0.729701
0.072092 0.032559 0.895349
0.860918 0.000010 0.139072
0.999980 0.000010 0.000010
0.277576 0.000997 0.721427
0.925789 0.000010 0.074201
0.082836 0.065075 0.852089
0.532772 0.001942 0.465286
0.107664 0.104632 0.787704
0.794501 0.000010 0.205489
0.899030 0.000010 0.100960
0.320932 0.000010 0.679058
0.743011 0.000010 0.256979
0.823900 0.000010 0.176090
0.345304 0.007979 0.646717
0.781908 0.000010 0.218082
0.744838 0.000010 0.255152
0.782869 0.000010 0.217121
0.745220 0.000010 0.254770
0.525956 0.000010 0.474034
0.306309 0.005301 0.688390
0.870350 0.000010 0.129640
0.598190 0.009724 0.392086
0.477697 0.000010 0.522293
0.930949 0.001417 0.067634
0.527502 0.000010 0.472488
0.775515 0.000010 0.224475
0.910611 0.000010 0.089379
0.586436 0.000988 0.412576
0.257589 0.033119 0.709292
0.549141 0.006679 0.444180
0.942598 0.000010 0.057392
0.548343 0.009327 0.442331
0.896689 0.000010 0.103301
0.916090 0.000010 0.083900
0.434803 0.006478 0.558719
0.506011 0.002058 0.491931
0.902000 0.000010 0.097990
0.863782 0.000010 0.136208
0.943895 0.004768 0.051337
0.891219 0.000010 0.108771
0.639246 0.012758 0.347996
0.873236 0.000010 0.126754
0.563286 0.002177 0.434537
0.385866 0.000010 0.614124
0.905501 0.000010 0.094489
0.930605 0.000010 0.069385
0.878305 0.000010 0.121685
0.676375 0.000010 0.323615
0.746845 0.000010 0.253145
0.827923 0.000010 0.172067
0.768436 0.002840 0.228725
0.374767 0.000010 0.625223
0.732989 0.000010 0.267001
0.915604 0.000010 0.084386
0.817589 0.000010 0.182401
0.905418 0.000010 0.094572
0.755577 0.000010 0.244413
0.329366 0.000010 0.670624
0.517434 0.000010 0.482556
0.920056 0.000010 0.079934
0.910807 0.001706 0.087487
0.903479 0.000010 0.096511
0.783600 0.000010 0.216390
0.083319 0.103882 0.812799
0.351200 0.012211 0.636589
0.629329 0.004997 0.365673
0.221958 0.034850 0.743192
0.858753 0.001153 0.140094
0.495232 0.004264 0.500504
0.312729 0.000010 0.687261
0.939438 0.002351 0.058212
0.891996 0.004037 0.103967
0.289201 0.008892 0.701906
0.584557 0.000010 0.415433
0.572462 0.000010 0.427528
0.546562 0.004415 0.449023
0.804545 0.000010 0.195445
0.315782 0.000010 0.684208
0.569008 0.002592 0.428400
0.693215 0.000010 0.306775
0.145150 0.119147 0.735702
0.101035 0.083262 0.815703
0.892169 0.000010 0.107821
0.643662 0.007754 0.348584
0.114592 0.040582 0.844826
0.527093 0.005163 0.467744
0.369454 0.002842 0.627704
0.805723 0.000010 0.194267
0.279823 0.014046 0.706131
0.850097 0.000010 0.149893
0.402369 0.000010 0.597621
0.000010 0.173194 0.826796
0.313603 0.004867 0.681531
0.966318 0.000010 0.033672
0.277598 0.000010 0.722392
0.999980 0.000010 0.000010
0.867032 0.000010 0.132958
0.827628 0.000010 0.172362
0.777457 0.005589 0.216953
0.288625 0.099467 0.611908
0.667336 0.003825 0.328839
0.217290 0.094384 0.688325
0.128462 0.030705 0.840833
0.082186 0.055943 0.861870
0.065857 0.102187 0.831956
0.449340 0.010810 0.539849
0.898044 0.000010 0.101946
0.718488 0.000291 0.281221
0.250634 0.017981 0.731385
0.926328 0.000010 0.073662
0.149415 0.101016 0.749569
0.892933 0.000010 0.107057
0.686516 0.000010 0.313474
0.740190 0.002977 0.256832
0.463472 0.000010 0.536518
0.923001 0.000010 0.076989
0.070201 0.125159 0.804639
0.698547 0.000010 0.301443
0.973116 0.000010 0.026874
0.600656 0.000010 0.399334
0.029271 0.171565 0.799164
0.735314 0.000010 0.264676
0.104215 0.058604 0.837182
0.704073 0.000010 0.295917
0.847675 0.000010 0.152315
0.789440 0.000010 0.210550
0.094109 0.051184 0.854706
0.742134 0.000010 0.257856
0.010374 0.159224 0.830402
0.571482 0.000010 0.428508
0.972059 0.000010 0.027931
0.741789 0.000010 0.258201
0.899690 0.000010 0.100300
0.652805 0.000010 0.347185
0.785889 0.000010 0.214101
0.613016 0.002673 0.384311
0.700597 0.000010 0.299393
0.252744 0.000010 0.747246
0.082508 0.082843 0.834649
0.782613 0.000010 0.217377
0.877572 0.000010 0.122418
0.529085 0.001448 0.469467
0.296899 0.000010 0.703091
0.308481 0.000010 0.691509
0.243489 0.000010 0.756501
0.752885 0.000010 0.247105
0.774569 0.000010 0.225421
0.430739 0.009845 0.559416
0.772894 0.007371 0.219735
0.822289 0.000010 0.177701
0.318468 0.000010 0.681522
0.816732 0.000010 0.183258
0.544194 0.000010 0.455796
0.481626 0.000010 0.518364
0.856556 0.000010 0.143434
0.831736 0.003191 0.165074
0.793172 0.000010 0.206818
0.327724 0.000010 0.672266
0.249741 0.000010 0.750249
0.454774 0.000010 0.545216
0.482457 0.000010 0.517533
0.775461 0.000010 0.224529
0.305169 0.010445 0.684386
0.618001 0.000010 0.381989
0.936689 0.000010 0.063301
0.309518 0.022030 0.668451
0.657278 0.006350 0.336372
0.279901 0.000010 0.720089
0.846254 0.000010 0.153736
0.753997 0.000010 0.245993
0.911699 0.000653 0.087648
0.840509 0.000010 0.159481
0.807499 0.000010 0.192491
0.663514 0.005317 0.331169
0.135994 0.059442 0.804563
0.909057 0.008193 0.082750
0.626797 0.003817 0.369386
0.624093 0.012322 0.363584
0.656734 0.000010 0.343256
0.752806 0.024919 0.222275
0.266970 0.012818 0.720212
0.096145 0.047221 0.856634
0.776914 0.000010 0.223076
0.986915 0.004789 0.008296
0.195089 0.057782 0.747129
0.317598 0.000010 0.682392
0.272004 0.000010 0.727986
0.849996 0.000010 0.149994
0.999980 0.000010 0.000010
0.062924 0.136356 0.800720
0.274176 0.040841 0.684982
0.532439 0.000010 0.467551
0.489476 0.002030 0.508493
0.123417 0.057663 0.818920
0.980329 0.000010 0.019661
0.859851 0.000010 0.140139
0.431510 0.007191 0.561300
0.842026 0.002289 0.155684
0.321952 0.000010 0.678038
0.348825 0.001095 0.650080
0.282081 0.000010 0.717909
0.150410 0.097982 0.751608
0.807128 0.000010 0.192862
0.756876 0.008152 0.234972
0.283697 0.000010 0.716293
0.868420 0.000010 0.131570
0.792520 0.002291 0.205189
0.567239 0.000010 0.432751
0.209243 0.022645 0.768112
0.709003 0.000010 0.290987
0.143950 0.091975 0.764076
0.330090 0.009619 0.660291
0.900786 0.005125 0.094089
0.347282 0.000010 0.652708
0.233434 0.000010 0.766556
0.542209 0.005078 0.452713
0.046197 0.142814 0.810989
0.257723 0.030527 0.711750
0.320605 0.003180 0.676215
0.072555 0.128728 0.798717
0.079390 0.136880 0.783729
0.115879 0.126380 0.757741
0.638132 0.012168 0.349700
0.586022 0.001210 0.412768
0.520970 0.000010 0.479020
0.760057 0.000010 0.239933
0.080152 0.061148 0.858700
0.170222 0.107673 0.722105
0.909253 0.002785 0.087962
0.068378 0.066378 0.865244
0.859743 0.000010 0.140247
0.614180 0.000010 0.385810
0.665286 0.000010 0.334704
0.222794 0.008658 0.768548
0.466203 0.025463 0.508334
0.861047 0.004880 0.134074
0.790051 0.002186 0.207763
0.889485 0.000010 0.110505
0.306316 0.000010 0.693674
0.682728 0.000010 0.317262
0.191090 0.018606 0.790304
0.793400 0.000010 0.206590
0.902758 0.002026 0.095216
0.166618 0.099848 0.733535
0.874174 0.000010 0.125816
0.322004 0.006050 0.671946
0.289859 0.007851 0.702290
0.550316 0.006916 0.442768
0.756416 0.003097 0.240487
0.105156 0.107208 0.787636
0.822470 0.000010 0.177520
0.603702 0.000010 0.396288
0.088843 0.053688 0.857469
0.728075 0.000010 0.271915
0.294713 0.041822 0.663466
0.278244 0.060057 0.661698
0.041191 0.156896 0.801913
0.569684 0.009995 0.420321
0.853697 0.001952 0.144350
0.804126 0.002683 0.193191
0.800301 0.000010 0.199689
0.732774 0.000010 0.267216
0.906845 0.008038 0.085117
0.911225 0.000010 0.088765
0.497515 0.002998 0.499487
0.044744 0.148739 0.806517
0.649902 0.002219 0.347879
0.253544 0.000010 0.746446
0.280800 0.000010 0.719190
0.445214 0.026396 0.528390
0.073888 0.093040 0.833072
0.944639 0.000010 0.055351
0.114903 0.045210 0.839887
0.342811 0.000010 0.657179
0.748634 0.000010 0.251356
0.693551 0.015468 0.290981
0.805135 0.000010 0.194855
0.297069 0.002697 0.700234
0.698977 0.000010 0.301013
0.644878 0.000010 0.355112
0.565402 0.000010 0.434588
0.999980 0.000010 0.000010
0.839952 0.000010 0.160038
0.416280 0.000010 0.583710
0.867448 0.000010 0.132542
0.239677 0.093341 0.666982
0.116810 0.120095 0.763095
0.936516 0.000010 0.063474
0.777092 0.000010 0.222898
0.046605 0.193085 0.760310
0.080230 0.126971 0.792799
0.283113 0.000010 0.716877
0.868910 0.000010 0.131080
0.825418 0.000010 0.174572
0.199314 0.010384 0.790302
0.081373 0.127035 0.791592
0.448966 0.016273 0.534762
0.131587 0.118566 0.749847
0.089147 0.059967 0.850886
0.357450 0.000375 0.642175
0.079382 0.067811 0.852807
0.500457 0.009467 0.490076
0.719256 0.000010 0.280734
0.158582 0.014368 0.827050
0.087146 0.072765 0.840089
0.317613 0.000010 0.682377
0.486238 0.003560 0.510202
0.686627 0.102430 0.210943
0.538644 0.000010 0.461346
0.196571 0.047123 0.756306
0.507793 0.000010 0.492197
0.128561 0.127356 0.744082
0.754653 0.000010 0.245337
0.790524 0.000010 0.209466
0.838437 0.000010 0.161553
0.378383 0.013568 0.608049
0.067742 0.109768 0.822490
0.929204 0.000010 0.070786
0.302955 0.000010 0.697035
0.656927 0.000010 0.343063
0.867627 0.000010 0.132363
0.305896 0.010325 0.683779
0.677079 0.000206 0.322715
0.104954 0.091618 0.803427
0.703485 0.025191 0.271323
0.572534 0.007984 0.419483
0.874755 0.000010 0.125235
0.836284 0.000010 0.163706
0.896796 0.000010 0.103194
0.804690 0.002310 0.193000
0.108723 0.084588 0.806689
0.239352 0.000010 0.760638
0.673325 0.002045 0.324629
0.643756 0.000010 0.356234
0.842496 0.000010 0.157494
0.837891 0.000010 0.162099
0.609254 0.000010 0.390736
0.643242 0.000010 0.356748
0.795195 0.014601 0.190204
0.077655 0.161233 0.761112
0.769438 0.000010 0.230552
0.286020 0.015208 0.698771
0.886305 0.000010 0.113685
0.761065 0.001469 0.237466
0.659115 0.000722 0.340162
0.892426 0.000010 0.107564
0.167041 0.048572 0.784386
0.916542 0.000010 0.083448
0.239956 0.000010 0.760034
0.213666 0.086135 0.700199
0.851170 0.002145 0.146685
0.048004 0.163798 0.788198
0.892776 0.000010 0.107214
0.878527 0.002537 0.118936
0.788025 0.000010 0.211965
0.571360 0.000010 0.428630
0.767862 0.000010 0.232128
0.448371 0.013507 0.538122
0.357421 0.001953 0.640626
0.271418 0.000010 0.728572
0.937687 0.000010 0.062303
0.808273 0.000010 0.191717
0.276644 0.016265 0.707091
0.974724 0.000010 0.025266
0.934914 0.000010 0.065076
0.420924 0.000010 0.579066
0.463563 0.010315 0.526122
0.084002 0.145991 0.770007
0.426060 0.012283 0.561657
0.090716 0.106986 0.802298
0.705056 0.000010 0.294934
0.274720 0.123846 0.601433
0.096494 0.123584 0.779922
0.999980 0.000010 0.000010
0.999980 0.000010 0.000010
0.826067 0.000010 0.173923
0.841540 0.005932 0.152529
0.824722 0.000010 0.175268
0.689161 0.000010 0.310829
0.039249 0.156589 0.804162
0.144474 0.055076 0.800449
0.596160 0.005604 0.398236
0.188379 0.084168 0.727452
0.268985 0.017809 0.713207
0.213797 0.014662 0.771540
0.891925 0.000010 0.108065
0.710106 0.000010 0.289884
0.829031 0.000010 0.170959
0.740340 0.000010 0.259650
0.774848 0.001589 0.223563
0.006692 0.169470 0.823839
0.398007 0.021136 0.580857
0.785399 0.023117 0.191484
0.574786 0.000010 0.425204
0.343748 0.025498 0.630755
0.835530 0.000010 0.164460
0.193790 0.031383 0.774827
