0.308805 0.648143 0.042758 0.000274 0.000010 0.000010
0.480806 0.486127 0.033037 0.000010 0.000010 0.000010
0.258229 0.677635 0.059225 0.000605 0.000010 0.004297
0.403278 0.557034 0.033794 0.004955 0.000930 0.000010
0.341212 0.068323 0.000010 0.020001 0.021745 0.548709
0.538621 0.365102 0.039667 0.000010 0.000010 0.056590
0.424739 0.556658 0.013408 0.000010 0.005175 0.000010
0.483825 0.426504 0.089641 0.000010 0.000010 0.000010
0.352644 0.517434 0.102238 0.000010 0.000010 0.027663
0.405563 0.540263 0.054144 0.000010 0.000010 0.000010
0.448946 0.507205 0.043820 0.000010 0.000010 0.000010
0.402974 0.543044 0.045536 0.005864 0.002572 0.000010
0.387203 0.052916 0.017530 0.019207 0.017032 0.506112
0.429335 0.285830 0.051283 0.000010 0.000010 0.233532
0.454604 0.508332 0.034553 0.000010 0.002491 0.000010
0.457814 0.445653 0.070877 0.003862 0.000010 0.021784
0.406752 0.537171 0.050613 0.005443 0.000010 0.000010
0.484150 0.486669 0.022720 0.000010 0.000010 0.006441
0.363477 0.583269 0.052335 0.000010 0.000899 0.000010
0.450753 0.442898 0.071139 0.001469 0.009658 0.024082
0.331889 0.046285 0.025590 0.035322 0.000010 0.560903
0.476703 0.239826 0.026246 0.000010 0.000010 0.257205
0.518543 0.019613 0.010633 0.001537 0.002661 0.447013
0.465453 0.456136 0.058834 0.004629 0.000010 0.014938
0.289337 0.612841 0.079074 0.002346 0.001471 0.014931
0.428758 0.531769 0.034259 0.003231 0.001974 0.000010
0.413703 0.531584 0.054684 0.000010 0.000010 0.000010
0.461001 0.451311 0.053741 0.003293 0.006509 0.024146
0.339112 0.063683 0.000010 0.025432 0.020410 0.551353
0.468813 0.299270 0.033604 0.000010 0.000010 0.198293
0.543688 0.000010 0.006167 0.000010 0.000010 0.450115
0.433732 0.487820 0.076411 0.002017 0.000010 0.000010
0.372813 0.525082 0.102075 0.000010 0.000010 0.000010
0.506174 0.458942 0.033367 0.000010 0.001497 0.000010
0.365919 0.592272 0.039913 0.000010 0.001876 0.000010
0.504089 0.420632 0.060848 0.005498 0.004319 0.004615
0.387935 0.073416 0.000010 0.012284 0.011475 0.514880
0.532560 0.257230 0.037839 0.000010 0.000010 0.172351
0.483278 0.054073 0.000015 0.002614 0.000010 0.460010
0.476544 0.450604 0.071986 0.000846 0.000010 0.000010
0.334550 0.557449 0.083424 0.003349 0.000010 0.021218
0.498087 0.442375 0.056549 0.000010 0.002969 0.000010
0.360299 0.570960 0.067748 0.000010 0.000973 0.000010
0.486916 0.448206 0.064849 0.000010 0.000010 0.000010
0.633131 0.103881 0.014636 0.008239 0.004616 0.235498
0.466765 0.345935 0.045005 0.000010 0.000010 0.142275
0.491103 0.034269 0.011886 0.008676 0.000010 0.454057
0.498460 0.418623 0.082887 0.000010 0.000010 0.000010
0.406381 0.555521 0.029175 0.000010 0.008903 0.000010
0.618597 0.352864 0.026199 0.000010 0.002320 0.000010
0.679593 0.184154 0.025379 0.000010 0.000010 0.110854
0.534297 0.389029 0.008147 0.000010 0.011652 0.056865
0.536366 0.374393 0.046932 0.000010 0.007183 0.035116
0.514292 0.259311 0.025007 0.000010 0.000010 0.201371
0.515833 0.000010 0.000016 0.003856 0.000010 0.480275
0.568316 0.282643 0.001198 0.004107 0.000010 0.143726
0.490345 0.456681 0.049333 0.000010 0.003621 0.000010
0.626361 0.359711 0.013897 0.000010 0.000010 0.000010
0.649988 0.211467 0.030887 0.000010 0.000010 0.107638
0.511321 0.364293 0.000010 0.054506 0.029983 0.039886
0.486392 0.377843 0.057049 0.000010 0.000010 0.078697
0.391179 0.563316 0.037536 0.000010 0.007949 0.000010
0.510650 0.000010 0.007944 0.000010 0.000010 0.481375
0.514202 0.296740 0.036156 0.000010 0.000010 0.152882
0.459764 0.459073 0.047539 0.009391 0.003833 0.020401
0.561536 0.381538 0.051204 0.001130 0.004582 0.000010
0.582814 0.314506 0.020939 0.000010 0.000010 0.081721
0.528885 0.319331 0.019389 0.047218 0.019585 0.065592
0.494264 0.445748 0.026577 0.000010 0.000010 0.033390
0.470609 0.493023 0.036338 0.000010 0.000010 0.000010
0.139031 0.050681 0.002791 0.000010 0.000010 0.807477
0.625923 0.148366 0.037681 0.020383 0.000010 0.167637
0.505805 0.446504 0.038844 0.000010 0.008827 0.000010
0.603111 0.391162 0.004167 0.000010 0.001540 0.000010
0.525142 0.435815 0.018765 0.003946 0.000010 0.016322
0.584948 0.267772 0.028778 0.026430 0.028502 0.063570
0.598166 0.305013 0.037257 0.000010 0.000010 0.059544
0.415373 0.564419 0.018279 0.001323 0.000595 0.000010
0.070355 0.051645 0.021616 0.000010 0.000010 0.856365
0.616155 0.190624 0.020474 0.000010 0.000010 0.172727
0.533544 0.425187 0.033767 0.000010 0.007482 0.000010
0.584373 0.393284 0.021799 0.000010 0.000523 0.000010
0.587596 0.363954 0.044025 0.004406 0.000010 0.000010
0.521306 0.373064 0.004522 0.004300 0.012262 0.084546
0.529405 0.290969 0.069080 0.000010 0.001319 0.109217
0.369503 0.584869 0.041237 0.000010 0.004371 0.000010
0.295890 0.146209 0.000010 0.003760 0.000010 0.554121
0.576874 0.244236 0.015171 0.000010 0.000010 0.163699
0.403223 0.542880 0.053866 0.000011 0.000010 0.000010
0.625643 0.328269 0.026988 0.000010 0.002667 0.016422
0.000010 0.970765 0.029195 0.000010 0.000010 0.000010
0.536301 0.348491 0.037088 0.000010 0.015911 0.062199
0.000010 0.000013 0.999947 0.000010 0.000010 0.000010
0.387831 0.568258 0.043881 0.000010 0.000010 0.000010
0.152500 0.033441 0.014918 0.033623 0.026511 0.739007
0.523957 0.370581 0.055623 0.000010 0.000010 0.049819
0.356042 0.602039 0.039890 0.000010 0.002009 0.000010
0.598786 0.302723 0.021726 0.000010 0.000010 0.076745
0.406978 0.559349 0.033644 0.000010 0.000010 0.000010
0.291675 0.275910 0.019347 0.010660 0.027202 0.375207
0.086185 0.057809 0.015512 0.000010 0.000010 0.840474
0.063117 0.123796 0.000010 0.000756 0.035214 0.777107
0.266501 0.689563 0.041703 0.000010 0.002213 0.000010
0.388040 0.583520 0.013693 0.000010 0.010504 0.004234
0.242836 0.702570 0.041031 0.000010 0.000401 0.013152
0.628953 0.287849 0.045940 0.000010 0.000010 0.037238
0.371728 0.602094 0.026148 0.000010 0.000010 0.000010
0.545258 0.078531 0.018742 0.000010 0.007595 0.349863
0.219044 0.006481 0.011373 0.006247 0.000010 0.756845
0.207938 0.040453 0.000010 0.035286 0.021427 0.694886
0.340901 0.585032 0.074037 0.000010 0.000010 0.000010
0.513945 0.415390 0.023568 0.000010 0.000010 0.047077
0.338000 0.617339 0.044631 0.000010 0.000010 0.000010
0.636657 0.306098 0.015098 0.000010 0.000010 0.042127
0.359758 0.599320 0.039578 0.000010 0.001324 0.000010
0.587997 0.085799 0.014663 0.003495 0.000010 0.308035
0.199753 0.105803 0.006917 0.000010 0.000581 0.686935
0.139184 0.068663 0.000010 0.039219 0.010831 0.742094
0.330192 0.612251 0.057527 0.000010 0.000010 0.000010
0.479646 0.446228 0.067760 0.000010 0.001723 0.004634
0.299111 0.647086 0.046210 0.007451 0.000010 0.000132
0.624168 0.316821 0.000010 0.000010 0.000010 0.058982
0.383898 0.564452 0.049325 0.000010 0.000010 0.002306
0.604684 0.109100 0.029933 0.000010 0.000570 0.255703
0.564410 0.226545 0.031529 0.000010 0.000010 0.177497
0.207512 0.037372 0.000010 0.044646 0.012130 0.698331
0.340482 0.618105 0.041383 0.000010 0.000010 0.000010
0.371344 0.569774 0.048271 0.005811 0.001870 0.002929
0.342746 0.629206 0.024039 0.003989 0.000010 0.000010
0.612941 0.352749 0.000010 0.000011 0.000010 0.034279
0.399331 0.491405 0.109233 0.000010 0.000010 0.000010
0.629821 0.042413 0.010294 0.008431 0.004369 0.304673
0.404391 0.419095 0.015381 0.000010 0.002721 0.158402
0.234306 0.679407 0.086256 0.000010 0.000010 0.000010
0.426081 0.520011 0.050712 0.000018 0.003168 0.000010
0.695531 0.125644 0.031614 0.000010 0.000130 0.147072
0.587951 0.257334 0.032141 0.000010 0.012970 0.109593
0.616756 0.216537 0.000010 0.013780 0.000988 0.151929
0.191488 0.424744 0.069638 0.003273 0.026979 0.283877
0.563100 0.074505 0.010902 0.012317 0.000010 0.339167
0.399549 0.426543 0.012484 0.001165 0.006304 0.153955
0.233536 0.677894 0.086759 0.000010 0.001792 0.000010
0.415817 0.523356 0.057099 0.000010 0.003709 0.000010
0.689001 0.132506 0.023486 0.000010 0.004977 0.150020
0.587714 0.261983 0.029601 0.000010 0.011830 0.108861
0.618825 0.218600 0.000010 0.014025 0.000010 0.148531
0.204840 0.421705 0.068772 0.000555 0.028564 0.275564
0.560442 0.078233 0.010790 0.004557 0.000223 0.345755
0.360276 0.553395 0.065297 0.000010 0.000010 0.021012
0.250666 0.672380 0.074602 0.000010 0.002332 0.000010
0.408754 0.354650 0.074918 0.000010 0.000010 0.161657
0.598347 0.271007 0.049106 0.000010 0.000010 0.081520
0.625123 0.244675 0.043200 0.000010 0.000010 0.086982
0.697184 0.053948 0.004785 0.000010 0.000010 0.244063
0.193470 0.246163 0.020550 0.008887 0.045562 0.485368
0.582369 0.362283 0.028882 0.000010 0.009250 0.017206
0.066623 0.123117 0.000010 0.000010 0.032340 0.777900
0.322742 0.604617 0.070197 0.002424 0.000010 0.000010
0.395312 0.521145 0.073269 0.000010 0.010255 0.000010
0.649529 0.175957 0.049157 0.000010 0.012306 0.113042
0.592226 0.228972 0.034358 0.002702 0.011129 0.130613
0.596131 0.189174 0.014238 0.000010 0.000010 0.200437
0.202557 0.247279 0.031450 0.013802 0.036440 0.468471
0.512896 0.423546 0.049853 0.000010 0.000260 0.013435
0.474835 0.374730 0.056808 0.000010 0.000010 0.093608
0.380645 0.576608 0.020260 0.000010 0.010618 0.011858
0.477131 0.472270 0.035104 0.000010 0.000010 0.015475
0.724700 0.122300 0.024553 0.000010 0.000010 0.128428
0.607854 0.296834 0.008027 0.009749 0.000010 0.077526
0.681938 0.085814 0.002581 0.000010 0.011400 0.218257
0.175401 0.199043 0.019119 0.007244 0.025838 0.573356
0.529094 0.412966 0.018004 0.000010 0.006242 0.033684
0.398566 0.437324 0.039737 0.000010 0.003100 0.121263
0.302319 0.631442 0.066209 0.000010 0.000010 0.000010
0.000010 0.000010 0.999950 0.000010 0.000010 0.000010
0.686166 0.151408 0.030653 0.006203 0.001912 0.123657
0.564298 0.193184 0.032480 0.008502 0.000010 0.201526
0.694759 0.182944 0.037164 0.010630 0.013973 0.060531
0.435546 0.204738 0.012038 0.000010 0.004536 0.343133
0.264200 0.077472 0.004165 0.012910 0.037611 0.603642
0.012196 0.091960 0.000010 0.024885 0.046322 0.824628
0.173242 0.007637 0.000010 0.011673 0.010018 0.797420
0.552862 0.267368 0.022523 0.000010 0.000010 0.157227
0.617019 0.241132 0.018794 0.009473 0.008187 0.105396
0.587609 0.255272 0.018026 0.000010 0.004247 0.134836
0.206467 0.079622 0.008107 0.047915 0.033108 0.624781
0.000010 0.082910 0.000010 0.036373 0.041646 0.839051
0.380256 0.567082 0.052632 0.000010 0.000010 0.000010
0.386918 0.088874 0.002724 0.016084 0.013424 0.491976
0.584960 0.355989 0.016204 0.010975 0.011913 0.019958
0.515123 0.312676 0.024837 0.000010 0.000010 0.147344
0.653394 0.273681 0.020267 0.000701 0.010531 0.041427
0.464695 0.230628 0.030444 0.009685 0.000010 0.264538
0.185527 0.067040 0.000010 0.060645 0.014374 0.672404
0.000010 0.096225 0.004993 0.033118 0.040151 0.825503
0.552583 0.209397 0.034369 0.005826 0.006454 0.191370
0.173869 0.021118 0.006773 0.006103 0.019449 0.772689
0.686793 0.100151 0.000010 0.000010 0.000160 0.212875
0.288211 0.068427 0.000010 0.041765 0.028655 0.572933
0.367689 0.571257 0.061024 0.000010 0.000010 0.000010
0.466729 0.252197 0.034408 0.000010 0.000010 0.246646
0.186974 0.101647 0.000010 0.038917 0.028314 0.644139
0.000010 0.020730 0.000010 0.643552 0.113974 0.221724
0.606088 0.161776 0.012967 0.003454 0.000010 0.215705
0.000010 0.959067 0.040893 0.000010 0.000010 0.000010
0.651574 0.085265 0.000231 0.000010 0.000010 0.262910
0.136194 0.403282 0.460494 0.000010 0.000010 0.000010
0.724913 0.097364 0.055042 0.000010 0.000010 0.122661
0.656698 0.162170 0.028245 0.000010 0.006826 0.146050
0.169469 0.474553 0.355948 0.000010 0.000010 0.000010
0.000010 0.007726 0.000010 0.710067 0.103640 0.178546
0.426830 0.482407 0.083681 0.007062 0.000010 0.000010
0.535451 0.451055 0.004318 0.002723 0.001452 0.005001
0.709641 0.060591 0.012675 0.000010 0.000010 0.217073
0.320462 0.335244 0.344264 0.000010 0.000010 0.000010
0.776348 0.043452 0.046032 0.000010 0.000010 0.134149
0.753162 0.096427 0.011539 0.000010 0.007673 0.131188
0.338702 0.485496 0.175772 0.000010 0.000010 0.000010
0.000010 0.000010 0.000010 0.729446 0.102207 0.168318
0.000010 0.974605 0.018113 0.000010 0.000010 0.007252
0.470271 0.470518 0.053149 0.000010 0.006043 0.000010
0.697368 0.141618 0.007997 0.000010 0.006594 0.146413
0.415366 0.549788 0.032405 0.000010 0.001786 0.000644
0.742551 0.066033 0.043202 0.000010 0.000010 0.148194
0.695115 0.175605 0.000956 0.000010 0.004778 0.123536
0.453394 0.321369 0.208957 0.000010 0.000010 0.016260
0.000010 0.000010 0.000010 0.719087 0.102680 0.178204
0.619035 0.276563 0.009878 0.000010 0.000010 0.094505
0.481115 0.446910 0.046968 0.024987 0.000010 0.000010
0.724133 0.063529 0.005460 0.000010 0.000010 0.206858
0.427408 0.551917 0.006984 0.000010 0.000010 0.013671
0.614299 0.308976 0.076695 0.000010 0.000010 0.000010
0.717979 0.111037 0.017771 0.000010 0.000010 0.153193
0.232282 0.401203 0.366485 0.000010 0.000010 0.000010
0.648942 0.243698 0.024552 0.004249 0.012707 0.065852
0.497260 0.359147 0.031888 0.007106 0.000010 0.104590
0.321350 0.160402 0.024010 0.030423 0.007861 0.455955
0.614755 0.174753 0.000831 0.000010 0.008838 0.200813
0.389367 0.545466 0.051785 0.000010 0.000431 0.012942
0.196007 0.011786 0.003421 0.007908 0.012654 0.768224
0.730559 0.070626 0.026060 0.000010 0.003352 0.169393
0.396900 0.532637 0.042653 0.000010 0.000010 0.027790
0.548431 0.301532 0.011709 0.000010 0.008876 0.129442
0.563297 0.357616 0.038888 0.000010 0.000010 0.040178
0.592950 0.340644 0.013727 0.000010 0.000010 0.052658
0.534330 0.204934 0.011121 0.000010 0.000010 0.249595
0.412866 0.523203 0.063901 0.000010 0.000010 0.000010
0.139943 0.044934 0.013887 0.020083 0.004558 0.776595
0.617736 0.238851 0.021865 0.000010 0.000010 0.121527
0.464680 0.465589 0.045420 0.017947 0.006353 0.000010
0.330930 0.610873 0.058167 0.000010 0.000010 0.000010
0.681355 0.267651 0.050746 0.000010 0.000228 0.000010
0.572888 0.053231 0.017560 0.000010 0.000010 0.356300
0.278909 0.578781 0.036768 0.000010 0.013061 0.092471
0.061877 0.050543 0.006679 0.014794 0.046745 0.819362
0.151522 0.078006 0.006310 0.000010 0.000010 0.764143
0.611569 0.228263 0.033882 0.000579 0.000010 0.125698
0.007870 0.101828 0.000010 0.022554 0.048794 0.818944
0.318692 0.597210 0.084069 0.000010 0.000010 0.000010
0.132325 0.081936 0.000010 0.000010 0.023575 0.762145
0.530161 0.031288 0.000010 0.000010 0.000010 0.438521
0.668142 0.156612 0.020352 0.000010 0.000989 0.153895
0.594708 0.249437 0.017005 0.000010 0.001441 0.137399
0.532908 0.415320 0.051742 0.000010 0.000010 0.000010
0.562377 0.309580 0.017267 0.000010 0.000010 0.110756
0.013481 0.089937 0.000010 0.002295 0.055510 0.838766
0.000010 0.000011 0.999949 0.000010 0.000010 0.000010
0.620619 0.268432 0.020632 0.000010 0.000010 0.090296
0.574487 0.321541 0.011548 0.000010 0.000010 0.092405
0.533232 0.047511 0.008908 0.000010 0.000010 0.410330
0.526815 0.080149 0.000010 0.000010 0.000010 0.393006
0.560585 0.282967 0.014931 0.002363 0.000010 0.139144
0.302185 0.039617 0.011264 0.060859 0.016857 0.569218
0.329337 0.580600 0.065388 0.004716 0.000010 0.019948
0.572225 0.349249 0.000010 0.000010 0.000148 0.078358
0.493305 0.041142 0.004373 0.000010 0.000010 0.461161
0.541795 0.037205 0.011164 0.001617 0.000010 0.408209
0.581764 0.000010 0.009742 0.000010 0.000010 0.408464
0.621707 0.252163 0.040641 0.003356 0.000010 0.082123
0.290038 0.066351 0.023599 0.044257 0.026057 0.549699
0.622820 0.239784 0.038263 0.000010 0.000010 0.099113
0.561060 0.031696 0.006842 0.000010 0.000010 0.400382
0.494544 0.011089 0.006778 0.000010 0.000010 0.487570
0.639009 0.264201 0.011114 0.000010 0.000010 0.085656
0.444779 0.023509 0.000010 0.000010 0.000010 0.531682
0.399674 0.003992 0.004248 0.000010 0.000010 0.592065
0.587219 0.353896 0.034890 0.002895 0.000010 0.021090
0.598590 0.009629 0.004682 0.000010 0.000010 0.387079
0.633414 0.241597 0.000010 0.000010 0.003441 0.121528
0.577208 0.296049 0.041320 0.000010 0.002346 0.083067
0.515247 0.000010 0.015611 0.000010 0.000010 0.469113
0.619370 0.010407 0.004722 0.000010 0.000858 0.364633
0.403158 0.025433 0.008201 0.000010 0.000010 0.563188
0.342012 0.056733 0.003564 0.000010 0.000010 0.597670
0.641600 0.000010 0.000010 0.000010 0.002685 0.355685
0.600756 0.000010 0.008096 0.000010 0.000010 0.391118
0.716231 0.057142 0.014239 0.000010 0.000010 0.212369
0.412651 0.031226 0.032116 0.021630 0.017542 0.484835
0.446907 0.025229 0.007334 0.000010 0.000010 0.520510
0.642633 0.000010 0.000010 0.000010 0.002903 0.354434
0.460760 0.028019 0.004539 0.000010 0.005140 0.501532
0.378301 0.008136 0.002849 0.000010 0.000010 0.610694
0.606299 0.349099 0.027341 0.006528 0.005853 0.004879
0.569005 0.032087 0.007989 0.001784 0.000010 0.389125
0.211766 0.273074 0.009865 0.022049 0.013850 0.469397
0.572014 0.350220 0.061017 0.000010 0.003819 0.012919
0.363249 0.120205 0.000010 0.013146 0.017681 0.485710
0.535846 0.013561 0.004309 0.000010 0.003118 0.443156
0.399254 0.030553 0.000707 0.011410 0.000010 0.558066
0.408528 0.000010 0.009728 0.000010 0.000010 0.581715
0.582445 0.360481 0.028555 0.000010 0.006113 0.022396
0.532430 0.056898 0.001132 0.000010 0.000010 0.409520
0.514747 0.304398 0.020357 0.000010 0.005817 0.154671
0.579659 0.281015 0.057288 0.000010 0.000951 0.081077
0.330784 0.036455 0.000010 0.022890 0.018989 0.590872
0.539309 0.013108 0.019271 0.000010 0.000010 0.428292
0.376567 0.038590 0.013825 0.002584 0.000010 0.568423
0.422106 0.008158 0.000010 0.000010 0.000010 0.569706
0.557751 0.354403 0.028405 0.006482 0.000010 0.052949
0.600159 0.000010 0.003735 0.000010 0.000010 0.396076
0.161772 0.045223 0.000010 0.052189 0.017335 0.723472
0.565898 0.041143 0.000010 0.000010 0.000010 0.392929
0.387234 0.029214 0.008815 0.017771 0.007329 0.549638
0.576327 0.041008 0.001549 0.000010 0.000010 0.381095
0.341830 0.082191 0.000010 0.000010 0.011113 0.564846
0.413626 0.000010 0.000010 0.000010 0.000010 0.586334
0.539217 0.416387 0.029221 0.000010 0.000010 0.015155
0.574308 0.082490 0.005744 0.000010 0.000010 0.337438
0.344918 0.606081 0.042065 0.002532 0.004394 0.000010
0.533965 0.032818 0.000010 0.000010 0.000010 0.433187
0.346186 0.111311 0.000010 0.008942 0.030962 0.502589
0.519202 0.041049 0.016635 0.000010 0.000010 0.423094
0.579298 0.010808 0.020348 0.000010 0.000010 0.389526
0.656851 0.231814 0.024547 0.000010 0.000010 0.086768
0.338021 0.021224 0.001049 0.045626 0.021843 0.572237
0.455762 0.412404 0.070056 0.000010 0.000010 0.061758
0.383447 0.548232 0.060820 0.000010 0.007481 0.000010
0.643748 0.150974 0.049626 0.009334 0.000010 0.146308
0.360449 0.064978 0.003836 0.022826 0.013505 0.534406
0.533822 0.019413 0.015601 0.000010 0.000010 0.431144
0.490565 0.081686 0.004799 0.000010 0.000010 0.422930
0.550705 0.237021 0.017003 0.006904 0.000010 0.188358
0.360033 0.027975 0.009406 0.065427 0.023926 0.513233
0.313917 0.613026 0.067331 0.004246 0.001469 0.000010
0.252786 0.720203 0.026981 0.000010 0.000010 0.000010
0.348531 0.039829 0.006213 0.039125 0.001744 0.564559
0.653504 0.233681 0.015703 0.000010 0.000010 0.097092
0.583132 0.012065 0.014867 0.000469 0.000010 0.389457
0.000010 0.000013 0.999947 0.000010 0.000010 0.000010
0.008037 0.977681 0.010111 0.000010 0.000010 0.004152
0.000010 0.981701 0.009324 0.000010 0.000010 0.008945
0.067583 0.919532 0.012603 0.000010 0.000010 0.000262
0.000010 0.950558 0.049402 0.000010 0.000010 0.000010
0.065203 0.890646 0.044122 0.000010 0.000010 0.000010
0.027110 0.931918 0.040942 0.000010 0.000010 0.000010
0.043215 0.912805 0.022339 0.000010 0.000010 0.021621
0.000010 0.972454 0.027506 0.000010 0.000010 0.000010
0.022034 0.944116 0.033821 0.000010 0.000010 0.000010
0.001766 0.948114 0.037651 0.000010 0.000010 0.012449
0.015901 0.967447 0.016622 0.000010 0.000010 0.000010
0.000010 0.953407 0.046553 0.000010 0.000010 0.000010
0.014521 0.969112 0.016337 0.000010 0.000010 0.000010
0.019072 0.980273 0.000625 0.000010 0.000010 0.000010
0.000010 0.987922 0.012038 0.000010 0.000010 0.000010
0.007780 0.960129 0.032060 0.000010 0.000010 0.000010
0.012871 0.977007 0.010092 0.000010 0.000010 0.000010
0.000010 0.967638 0.032322 0.000010 0.000010 0.000010
0.014852 0.946516 0.017995 0.000010 0.000010 0.020617
0.000010 0.981228 0.018732 0.000010 0.000010 0.000010
0.000010 0.921209 0.078751 0.000010 0.000010 0.000010
0.092832 0.896260 0.009704 0.000010 0.001184 0.000010
0.020308 0.950382 0.000010 0.000010 0.000010 0.029280
0.000010 0.955701 0.036115 0.000010 0.000010 0.008153
0.006951 0.968908 0.024112 0.000010 0.000010 0.000010
0.000010 0.949718 0.050242 0.000010 0.000010 0.000010
0.000010 0.970187 0.029773 0.000010 0.000010 0.000010
0.000010 0.963783 0.036177 0.000010 0.000010 0.000010
0.000010 0.974333 0.025627 0.000010 0.000010 0.000010
0.063590 0.883738 0.024882 0.005335 0.000010 0.022445
0.093641 0.803661 0.102668 0.000010 0.000010 0.000010
0.039755 0.953332 0.006883 0.000010 0.000010 0.000010
0.024717 0.952918 0.022336 0.000010 0.000010 0.000010
0.030959 0.958885 0.010126 0.000010 0.000010 0.000010
0.000010 0.967502 0.032458 0.000010 0.000010 0.000010
0.000010 0.953340 0.040192 0.000010 0.000010 0.006438
0.000010 0.954199 0.045761 0.000010 0.000010 0.000010
0.000010 0.963127 0.025894 0.000010 0.002285 0.008674
0.030690 0.948379 0.019401 0.000010 0.001510 0.000010
0.006448 0.976289 0.017233 0.000010 0.000010 0.000010
0.014160 0.977732 0.008078 0.000010 0.000010 0.000010
0.000010 0.963309 0.036651 0.000010 0.000010 0.000010
0.000010 0.970073 0.018744 0.000010 0.000010 0.011153
0.000010 0.958063 0.018205 0.000010 0.003901 0.019810
0.021906 0.960867 0.013401 0.000010 0.000010 0.003806
0.043728 0.931301 0.022245 0.000010 0.002706 0.000010
0.026310 0.957347 0.010235 0.000010 0.000010 0.006088
0.025785 0.946672 0.027513 0.000010 0.000010 0.000010
0.007942 0.956057 0.035971 0.000010 0.000010 0.000010
0.000010 0.980750 0.019210 0.000010 0.000010 0.000010
0.000010 0.970793 0.029167 0.000010 0.000010 0.000010
0.028377 0.965170 0.006422 0.000010 0.000010 0.000010
0.000010 0.957615 0.042345 0.000010 0.000010 0.000010
0.000010 0.979050 0.020910 0.000010 0.000010 0.000010
0.000010 0.943755 0.056205 0.000010 0.000010 0.000010
0.000010 0.969075 0.030884 0.000010 0.000011 0.000010
0.000010 0.990307 0.009653 0.000010 0.000010 0.000010
0.001743 0.929848 0.057331 0.000010 0.000010 0.011059
0.000010 0.974982 0.024978 0.000010 0.000010 0.000010
0.009186 0.965179 0.025605 0.000010 0.000010 0.000010
0.000010 0.997436 0.002524 0.000010 0.000010 0.000010
0.000010 0.987771 0.007945 0.004254 0.000010 0.000010
0.017817 0.936871 0.044950 0.000010 0.000342 0.000010
0.000010 0.976988 0.022972 0.000010 0.000010 0.000010
0.020996 0.969557 0.002313 0.000010 0.000010 0.007114
0.000439 0.968191 0.029148 0.000010 0.002202 0.000010
0.022411 0.973647 0.003912 0.000010 0.000010 0.000010
0.000010 0.940890 0.059070 0.000010 0.000010 0.000010
0.034749 0.939857 0.013093 0.000010 0.004154 0.008136
0.012453 0.964863 0.022654 0.000010 0.000010 0.000010
0.000010 0.989436 0.010524 0.000010 0.000010 0.000010
0.000010 0.880174 0.097652 0.000010 0.000104 0.022050
0.000010 0.999950 0.000010 0.000010 0.000010 0.000010
0.030739 0.963104 0.006127 0.000010 0.000010 0.000010
0.000010 0.997629 0.000010 0.000010 0.002331 0.000010
0.015930 0.972843 0.011197 0.000010 0.000010 0.000010
0.028590 0.953274 0.018106 0.000010 0.000010 0.000010
0.000010 0.963084 0.036876 0.000010 0.000010 0.000010
0.000010 0.935005 0.039784 0.000010 0.000010 0.025181
0.000010 0.979263 0.020697 0.000010 0.000010 0.000010
0.000010 0.964622 0.035338 0.000010 0.000010 0.000010
0.000010 0.972948 0.027012 0.000010 0.000010 0.000010
0.000010 0.942616 0.015723 0.000010 0.000010 0.041630
0.006287 0.958419 0.035265 0.000010 0.000010 0.000010
0.022399 0.973319 0.004251 0.000010 0.000010 0.000010
0.000010 0.977689 0.022271 0.000010 0.000010 0.000010
0.000010 0.958876 0.025581 0.000532 0.000010 0.014991
0.000010 0.960961 0.038999 0.000010 0.000010 0.000010
0.000010 0.979395 0.020565 0.000010 0.000010 0.000010
0.000010 0.999835 0.000125 0.000010 0.000010 0.000010
0.000010 0.943867 0.056093 0.000010 0.000010 0.000010
0.029327 0.970425 0.000010 0.000010 0.000218 0.000010
0.000010 0.984062 0.010061 0.005847 0.000010 0.000010
0.014581 0.956474 0.013943 0.000010 0.002499 0.012493
0.000010 0.989559 0.010401 0.000010 0.000010 0.000010
0.045239 0.934224 0.020506 0.000010 0.000010 0.000010
0.000010 0.930688 0.031843 0.000010 0.000010 0.037439
0.008892 0.954501 0.036577 0.000010 0.000010 0.000010
0.000010 0.962424 0.037536 0.000010 0.000010 0.000010
0.001513 0.984638 0.000010 0.000010 0.006363 0.007466
0.000010 0.999950 0.000010 0.000010 0.000010 0.000010
0.000010 0.953905 0.043777 0.000010 0.002288 0.000010
0.004485 0.991518 0.003967 0.000010 0.000010 0.000010
0.000010 0.992623 0.004085 0.003262 0.000010 0.000010
0.018220 0.927633 0.038819 0.003465 0.000010 0.011852
0.000010 0.961669 0.038291 0.000010 0.000010 0.000010
0.000010 0.997489 0.002471 0.000010 0.000010 0.000010
0.000010 0.972169 0.018722 0.000010 0.000010 0.009079
0.025130 0.927354 0.047485 0.000010 0.000010 0.000010
0.033847 0.962419 0.003703 0.000010 0.000010 0.000010
0.016923 0.950099 0.027793 0.005165 0.000010 0.000010
0.000010 0.952922 0.047038 0.000010 0.000010 0.000010
0.000010 0.932455 0.052785 0.000010 0.000010 0.014730
0.056016 0.848097 0.056806 0.011479 0.000010 0.027591
0.000010 0.919477 0.070366 0.000010 0.010127 0.000010
0.000010 0.980453 0.019507 0.000010 0.000010 0.000010
0.023176 0.918806 0.041759 0.000010 0.000010 0.016238
0.000010 0.986277 0.013683 0.000010 0.000010 0.000010
0.013105 0.892233 0.072667 0.004764 0.014960 0.002272
0.000010 0.938853 0.061107 0.000010 0.000010 0.000010
0.000010 0.956035 0.043925 0.000010 0.000010 0.000010
0.080883 0.910137 0.008950 0.000010 0.000010 0.000010
0.023653 0.944027 0.027212 0.000010 0.000010 0.005087
0.065578 0.906874 0.018361 0.000010 0.000010 0.009167
0.000010 0.984754 0.014761 0.000010 0.000010 0.000456
0.010078 0.989472 0.000420 0.000010 0.000010 0.000010
0.000010 0.986581 0.013379 0.000010 0.000010 0.000010
0.065111 0.921158 0.013701 0.000010 0.000010 0.000010
0.000010 0.988037 0.011923 0.000010 0.000010 0.000010
0.001592 0.939295 0.055727 0.000010 0.000010 0.003366
0.012320 0.961469 0.026181 0.000010 0.000010 0.000010
0.014522 0.957616 0.012749 0.000010 0.000010 0.015092
0.006682 0.969565 0.023722 0.000010 0.000010 0.000010
0.000010 0.942525 0.057435 0.000010 0.000010 0.000010
0.000010 0.970005 0.029955 0.000010 0.000010 0.000010
0.000010 0.982509 0.017451 0.000010 0.000010 0.000010
0.004731 0.953541 0.041698 0.000010 0.000010 0.000010
0.000010 0.965770 0.034190 0.000010 0.000010 0.000010
0.009192 0.930209 0.060569 0.000010 0.000010 0.000010
0.028499 0.924755 0.046716 0.000010 0.000010 0.000010
0.000010 0.970985 0.022067 0.000010 0.000010 0.006917
0.008914 0.965536 0.025520 0.000010 0.000010 0.000010
0.000010 0.977723 0.022237 0.000010 0.000010 0.000010
0.000010 0.966617 0.028812 0.000010 0.004541 0.000010
0.000010 0.974859 0.025101 0.000010 0.000010 0.000010
0.082520 0.898185 0.019264 0.000010 0.000010 0.000010
0.066124 0.908482 0.008255 0.000010 0.000010 0.017119
0.000010 0.960489 0.037164 0.000177 0.002150 0.000010
0.000010 0.988056 0.011904 0.000010 0.000010 0.000010
0.011578 0.972913 0.015479 0.000010 0.000010 0.000010
0.036030 0.946348 0.012776 0.000010 0.000010 0.004826
0.041153 0.949169 0.009648 0.000010 0.000010 0.000010
0.021000 0.977556 0.001413 0.000010 0.000010 0.000010
0.000010 0.999940 0.000020 0.000010 0.000010 0.000010
0.000010 0.916274 0.083686 0.000010 0.000010 0.000010
0.016859 0.959581 0.022916 0.000624 0.000010 0.000010
0.014144 0.963429 0.022397 0.000010 0.000010 0.000010
0.018131 0.919574 0.062264 0.000010 0.000010 0.000010
0.000010 0.993232 0.006728 0.000010 0.000010 0.000010
0.000010 0.964915 0.035045 0.000010 0.000010 0.000010
0.012215 0.985911 0.001844 0.000010 0.000010 0.000010
0.000010 0.999950 0.000010 0.000010 0.000010 0.000010
0.000010 0.954177 0.043460 0.000010 0.002334 0.000010
0.100802 0.892251 0.006917 0.000010 0.000010 0.000010
0.000010 0.932536 0.067424 0.000010 0.000010 0.000010
0.074133 0.893895 0.031942 0.000010 0.000010 0.000010
0.034585 0.962167 0.000010 0.003218 0.000010 0.000010
0.028887 0.922650 0.008417 0.000521 0.000967 0.038558
0.026833 0.973127 0.000010 0.000010 0.000010 0.000010
0.000010 0.991738 0.008222 0.000010 0.000010 0.000010
0.000010 0.997358 0.002602 0.000010 0.000010 0.000010
0.051644 0.906881 0.041444 0.000010 0.000010 0.000010
0.000010 0.957228 0.042731 0.000010 0.000011 0.000010
0.000010 0.999262 0.000698 0.000010 0.000010 0.000010
0.037266 0.923874 0.038830 0.000010 0.000010 0.000010
0.027206 0.943044 0.024269 0.000010 0.000010 0.005461
0.031936 0.944567 0.023467 0.000010 0.000010 0.000010
0.042916 0.939321 0.017732 0.000010 0.000010 0.000010
0.028425 0.953022 0.018524 0.000010 0.000010 0.000010
0.000010 0.972814 0.022437 0.000010 0.000010 0.004720
0.000333 0.973062 0.017124 0.000010 0.000010 0.009462
0.000010 0.987348 0.012612 0.000010 0.000010 0.000010
0.000010 0.991013 0.000010 0.007311 0.001646 0.000010
0.046555 0.922337 0.031078 0.000010 0.000010 0.000010
0.013281 0.951544 0.035145 0.000010 0.000010 0.000010
0.000010 0.977010 0.015611 0.000010 0.000010 0.007349
0.041002 0.918806 0.000010 0.000010 0.000010 0.040162
0.000010 0.993755 0.006205 0.000010 0.000010 0.000010
0.056619 0.923192 0.011695 0.000010 0.000010 0.008473
0.000010 0.955095 0.044865 0.000010 0.000010 0.000010
0.000010 0.948044 0.051916 0.000010 0.000010 0.000010
0.039166 0.920902 0.034887 0.000010 0.000010 0.005026
0.000010 0.986630 0.013330 0.000010 0.000010 0.000010
0.064694 0.901403 0.014957 0.001922 0.000378 0.016646
0.000010 0.967999 0.031961 0.000010 0.000010 0.000010
0.035867 0.894879 0.069224 0.000010 0.000010 0.000010
0.017979 0.878164 0.057816 0.011924 0.000010 0.034106
0.061674 0.921439 0.016857 0.000010 0.000010 0.000010
0.000010 0.959880 0.040080 0.000010 0.000010 0.000010
0.000010 0.993867 0.006093 0.000010 0.000010 0.000010
0.037024 0.956473 0.000010 0.000010 0.000010 0.006473
0.007578 0.962126 0.011284 0.000940 0.000010 0.018062
0.000010 0.986453 0.013507 0.000010 0.000010 0.000010
0.000010 0.968023 0.022591 0.000010 0.000010 0.009356
0.000010 0.981129 0.018831 0.000010 0.000010 0.000010
0.038776 0.951110 0.010084 0.000010 0.000010 0.000010
0.000010 0.974995 0.024965 0.000010 0.000010 0.000010
0.000010 0.990306 0.009654 0.000010 0.000010 0.000010
0.018764 0.938874 0.042332 0.000010 0.000010 0.000010
0.016478 0.945732 0.035086 0.000010 0.000010 0.002684
0.000010 0.991066 0.008894 0.000010 0.000010 0.000010
0.001963 0.972105 0.022402 0.000010 0.000010 0.003511
0.000010 0.963680 0.036280 0.000010 0.000010 0.000010
0.011197 0.969837 0.018936 0.000010 0.000010 0.000010
0.011324 0.973816 0.014830 0.000010 0.000010 0.000010
0.000010 0.955439 0.024324 0.000010 0.000010 0.020207
0.008680 0.969048 0.022242 0.000010 0.000010 0.000010
0.000010 0.953436 0.046524 0.000010 0.000010 0.000010
0.017004 0.982956 0.000010 0.000010 0.000010 0.000010
0.007956 0.991848 0.000010 0.000010 0.000010 0.000167
0.000010 0.999950 0.000010 0.000010 0.000010 0.000010
0.053030 0.917817 0.029123 0.000010 0.000010 0.000010
0.000010 0.967431 0.032529 0.000010 0.000010 0.000010
0.000010 0.997211 0.002749 0.000010 0.000010 0.000010
0.000010 0.989805 0.010155 0.000010 0.000010 0.000010
0.003548 0.978079 0.018343 0.000010 0.000010 0.000010
0.000010 0.973770 0.026190 0.000010 0.000010 0.000010
0.000010 0.963768 0.036192 0.000010 0.000010 0.000010
0.000010 0.999950 0.000010 0.000010 0.000010 0.000010
0.034743 0.904491 0.060736 0.000010 0.000010 0.000010
0.000010 0.999950 0.000010 0.000010 0.000010 0.000010
0.025755 0.954611 0.018728 0.000010 0.000886 0.000010
0.070178 0.904941 0.017005 0.002359 0.000010 0.005507
0.001950 0.998010 0.000010 0.000010 0.000010 0.000010
0.026875 0.915301 0.014098 0.000010 0.003518 0.040199
0.032815 0.895184 0.071971 0.000010 0.000010 0.000010
0.019416 0.911676 0.043864 0.000010 0.000010 0.025024
0.000010 0.942889 0.057071 0.000010 0.000010 0.000010
0.025401 0.938571 0.035998 0.000010 0.000010 0.000010
0.000010 0.984509 0.015451 0.000010 0.000010 0.000010
0.000010 0.955228 0.018141 0.000010 0.000010 0.026601
0.040294 0.916224 0.043452 0.000010 0.000010 0.000010
0.023719 0.968992 0.000010 0.004067 0.000010 0.003202
0.039397 0.945029 0.015544 0.000010 0.000010 0.000010
0.056331 0.911317 0.032322 0.000010 0.000010 0.000010
0.021566 0.972957 0.005446 0.000010 0.000010 0.000010
0.000010 0.971595 0.028365 0.000010 0.000010 0.000010
0.000010 0.979230 0.020730 0.000010 0.000010 0.000010
0.000010 0.999950 0.000010 0.000010 0.000010 0.000010
0.024425 0.921277 0.029539 0.000010 0.003837 0.020912
0.000010 0.965869 0.012903 0.000010 0.000010 0.021199
0.037978 0.909633 0.052359 0.000010 0.000010 0.000010
0.000010 0.999950 0.000010 0.000010 0.000010 0.000010
0.013737 0.959130 0.027102 0.000010 0.000010 0.000010
0.000010 0.969006 0.027268 0.000010 0.000010 0.003697
0.000010 0.939909 0.029584 0.000010 0.000010 0.030477
0.013565 0.964378 0.007785 0.000569 0.000010 0.013694
0.048991 0.933074 0.013768 0.000010 0.004147 0.000010
0.023051 0.967085 0.007674 0.002171 0.000010 0.000010
0.021256 0.944516 0.021706 0.000010 0.000010 0.012501
0.000010 0.970109 0.029851 0.000010 0.000010 0.000010
0.023270 0.966537 0.010163 0.000010 0.000010 0.000010
0.000010 0.979158 0.001870 0.000010 0.002634 0.016318
0.000010 0.981981 0.017979 0.000010 0.000010 0.000010
0.106125 0.859215 0.034631 0.000010 0.000010 0.000010
0.086571 0.874169 0.000010 0.000010 0.000010 0.039230
0.000010 0.987529 0.000010 0.000010 0.000010 0.012431
0.022009 0.940577 0.037384 0.000010 0.000010 0.000010
0.032830 0.950040 0.016808 0.000010 0.000010 0.000302
0.009280 0.967688 0.023002 0.000010 0.000010 0.000010
0.071809 0.902390 0.025771 0.000010 0.000010 0.000010
0.000010 0.979067 0.020893 0.000010 0.000010 0.000010
0.000010 0.955023 0.028994 0.000010 0.000010 0.015952
0.037228 0.936756 0.025986 0.000010 0.000010 0.000010
0.000010 0.994949 0.005011 0.000010 0.000010 0.000010
0.000010 0.974351 0.025609 0.000010 0.000010 0.000010
0.000010 0.986317 0.013643 0.000010 0.000010 0.000010
0.046442 0.908079 0.045450 0.000010 0.000010 0.000010
0.022744 0.959691 0.017535 0.000010 0.000010 0.000010
0.000010 0.989126 0.010834 0.000010 0.000010 0.000010
0.088432 0.880542 0.023682 0.000010 0.000010 0.007325
0.021177 0.948961 0.026088 0.000010 0.000010 0.003754
0.049278 0.942390 0.002764 0.005549 0.000010 0.000010
0.000010 0.998454 0.000010 0.001506 0.000010 0.000010
0.000010 0.975061 0.024899 0.000010 0.000010 0.000010
0.014106 0.954105 0.031760 0.000010 0.000010 0.000010
0.090148 0.895899 0.013923 0.000010 0.000010 0.000010
0.000010 0.975093 0.013993 0.000010 0.000010 0.010884
0.055813 0.893400 0.050757 0.000010 0.000010 0.000010
0.000010 0.973355 0.000010 0.000010 0.000010 0.026605
0.000010 0.999950 0.000010 0.000010 0.000010 0.000010
0.000010 0.967594 0.032366 0.000010 0.000010 0.000010
0.010295 0.958967 0.023068 0.000010 0.000010 0.007650
0.004983 0.971236 0.014674 0.001301 0.000010 0.007796
0.000010 0.975103 0.024857 0.000010 0.000010 0.000010
0.002219 0.972433 0.015412 0.000010 0.000010 0.009916
0.008999 0.965167 0.025803 0.000010 0.000010 0.000010
0.000010 0.971715 0.028245 0.000010 0.000010 0.000010
0.000350 0.970422 0.029199 0.000010 0.000010 0.000010
0.000010 0.998899 0.000010 0.000010 0.001061 0.000010
0.068915 0.931045 0.000010 0.000010 0.000010 0.000010
0.009819 0.969462 0.020689 0.000010 0.000010 0.000010
0.041482 0.958478 0.000010 0.000010 0.000010 0.000010
0.033892 0.946140 0.019938 0.000010 0.000010 0.000010
0.000010 0.982681 0.017279 0.000010 0.000010 0.000010
0.006534 0.959166 0.034270 0.000010 0.000010 0.000010
0.000010 0.954036 0.009578 0.000010 0.000010 0.036356
0.062590 0.923430 0.010641 0.000019 0.003310 0.000010
0.000010 0.994202 0.004326 0.000010 0.001443 0.000010
0.000010 0.958742 0.041218 0.000010 0.000010 0.000010
0.042073 0.940043 0.012573 0.005291 0.000010 0.000010
0.000010 0.987214 0.012746 0.000010 0.000010 0.000010
0.000010 0.982474 0.006923 0.000010 0.000010 0.010573
0.000010 0.944567 0.041964 0.000010 0.000010 0.013439
0.033716 0.939163 0.027091 0.000010 0.000010 0.000010
0.008002 0.946413 0.033651 0.000010 0.000010 0.011914
0.001329 0.987698 0.007041 0.003912 0.000010 0.000010
0.000010 0.972501 0.023448 0.000010 0.000010 0.004021
0.000010 0.984304 0.015656 0.000010 0.000010 0.000010
0.036867 0.914452 0.048651 0.000010 0.000010 0.000010
0.000010 0.987546 0.012414 0.000010 0.000010 0.000010
0.012599 0.944542 0.042829 0.000010 0.000010 0.000010
0.018331 0.954422 0.027217 0.000010 0.000010 0.000010
0.017407 0.913558 0.069004 0.000010 0.000010 0.000010
0.000010 0.992614 0.007346 0.000010 0.000010 0.000010
0.000010 0.968213 0.011946 0.000010 0.000010 0.019811
0.008301 0.962818 0.017599 0.000010 0.000010 0.011262
0.047760 0.870148 0.082062 0.000010 0.000010 0.000010
0.000010 0.953969 0.030797 0.000494 0.000010 0.014721
0.044568 0.914783 0.030006 0.000010 0.000910 0.009723
0.006929 0.975210 0.012212 0.000010 0.000010 0.005629
0.000010 0.999941 0.000019 0.000010 0.000010 0.000010
0.018381 0.936667 0.044922 0.000010 0.000010 0.000010
0.009395 0.927066 0.046074 0.000010 0.000010 0.017446
0.000010 0.971937 0.028023 0.000010 0.000010 0.000010
0.009388 0.985301 0.000010 0.000010 0.000010 0.005282
0.087683 0.898029 0.014258 0.000010 0.000010 0.000010
0.000010 0.987566 0.012394 0.000010 0.000010 0.000010
0.016219 0.929690 0.054035 0.000010 0.000035 0.000010
0.041937 0.908371 0.049662 0.000010 0.000010 0.000010
0.000010 0.963378 0.036582 0.000010 0.000010 0.000010
0.000010 0.964132 0.035828 0.000010 0.000010 0.000010
0.000010 0.977592 0.008379 0.000010 0.000010 0.013998
0.000010 0.962162 0.037798 0.000010 0.000010 0.000010
0.023539 0.945381 0.031050 0.000010 0.000010 0.000010
0.000010 0.982970 0.016990 0.000010 0.000010 0.000010
0.000010 0.968916 0.031044 0.000010 0.000010 0.000010
0.037056 0.949022 0.011360 0.000010 0.000010 0.002542
0.032525 0.949301 0.014256 0.003898 0.000010 0.000010
0.034549 0.959347 0.000010 0.000010 0.000010 0.006074
0.000010 0.998341 0.000010 0.000010 0.000010 0.001619
0.005503 0.983626 0.010455 0.000010 0.000397 0.000010
0.000010 0.967545 0.032415 0.000010 0.000010 0.000010
0.000010 0.960463 0.034966 0.003505 0.001046 0.000010
0.000010 0.969292 0.030668 0.000010 0.000010 0.000010
0.000381 0.957956 0.039140 0.000010 0.002503 0.000010
0.000010 0.952955 0.034867 0.000010 0.000010 0.012148
0.000010 0.986401 0.013559 0.000010 0.000010 0.000010
0.031342 0.932034 0.035356 0.000010 0.000010 0.001248
0.016364 0.924132 0.042303 0.000010 0.001696 0.015495
0.000010 0.977438 0.022522 0.000010 0.000010 0.000010
0.000010 0.914505 0.082668 0.000010 0.002797 0.000010
0.025554 0.974406 0.000010 0.000010 0.000010 0.000010
0.001427 0.956002 0.042541 0.000010 0.000010 0.000010
0.000010 0.959457 0.040503 0.000010 0.000010 0.000010
0.030738 0.966001 0.003232 0.000010 0.000010 0.000010
0.000010 0.961010 0.031386 0.000010 0.000010 0.007574
0.000010 0.959396 0.040564 0.000010 0.000010 0.000010
0.017774 0.900594 0.030503 0.000010 0.001813 0.049305
0.030250 0.938389 0.031331 0.000010 0.000010 0.000010
0.001854 0.978774 0.019343 0.000010 0.000010 0.000010
0.000010 0.996988 0.002972 0.000010 0.000010 0.000010
0.000010 0.999950 0.000010 0.000010 0.000010 0.000010
0.000010 0.970413 0.029547 0.000010 0.000010 0.000010
0.000010 0.963229 0.036731 0.000010 0.000010 0.000010
0.000010 0.942391 0.057569 0.000010 0.000010 0.000010
0.033991 0.961981 0.000995 0.000010 0.003014 0.000010
0.092616 0.851441 0.055913 0.000010 0.000010 0.000010
0.000010 0.948395 0.044816 0.000010 0.000010 0.006759
0.017996 0.926823 0.051260 0.003902 0.000010 0.000010
0.000010 0.992403 0.007557 0.000010 0.000010 0.000010
0.010318 0.916240 0.038677 0.000010 0.001533 0.033222
0.000010 0.998791 0.000010 0.000010 0.000010 0.001169
0.027093 0.972259 0.000618 0.000010 0.000010 0.000010
0.002907 0.971166 0.025897 0.000010 0.000010 0.000010
0.051674 0.947504 0.000792 0.000010 0.000010 0.000010
0.000010 0.938218 0.061742 0.000010 0.000010 0.000010
0.000010 0.968056 0.031904 0.000010 0.000010 0.000010
0.084421 0.905922 0.009626 0.000010 0.000010 0.000010
0.000010 0.974116 0.025844 0.000010 0.000010 0.000010
0.000010 0.937864 0.062096 0.000010 0.000010 0.000010
