0.000010 0.000010 0.329384 0.668284 0.002302 0.000010
0.049327 0.000010 0.216153 0.734490 0.000010 0.000010
0.000010 0.000010 0.381555 0.613687 0.000520 0.004217
0.131506 0.000010 0.364592 0.503872 0.000010 0.000010
0.506069 0.001090 0.137955 0.005502 0.006410 0.342974
0.278275 0.000010 0.213743 0.507952 0.000010 0.000010
0.053394 0.000010 0.278316 0.668261 0.000010 0.000010
0.126435 0.000010 0.196881 0.676653 0.000010 0.000010
0.059160 0.000391 0.291884 0.639927 0.000010 0.008628
0.032119 0.000011 0.238048 0.729799 0.000014 0.000010
0.052325 0.000010 0.250560 0.697080 0.000015 0.000010
0.134663 0.000010 0.361544 0.503763 0.000010 0.000010
0.518101 0.005196 0.123348 0.055567 0.008244 0.289544
0.503699 0.000010 0.282028 0.214243 0.000010 0.000010
0.074458 0.000728 0.261328 0.663463 0.000013 0.000010
0.155962 0.000010 0.262823 0.581184 0.000010 0.000010
0.047580 0.000017 0.266094 0.686290 0.000010 0.000010
0.077670 0.000010 0.191496 0.730804 0.000010 0.000010
0.009063 0.000010 0.308182 0.682724 0.000010 0.000010
0.161536 0.000010 0.278639 0.559434 0.000370 0.000010
0.558546 0.007632 0.128637 0.000010 0.005047 0.300129
0.571473 0.000010 0.244024 0.181886 0.002597 0.000010
0.808237 0.000010 0.123760 0.015255 0.000619 0.052119
0.147879 0.000011 0.262638 0.588334 0.001128 0.000010
0.026990 0.000010 0.337607 0.626363 0.000010 0.009019
0.095647 0.000010 0.274192 0.629577 0.000564 0.000010
0.044555 0.000010 0.281480 0.673935 0.000010 0.000010
0.177296 0.000010 0.266765 0.554987 0.000932 0.000010
0.541376 0.000010 0.127282 0.000010 0.009187 0.322134
0.479986 0.000011 0.246781 0.273203 0.000010 0.000010
0.868227 0.000010 0.082198 0.016953 0.000010 0.032601
0.095923 0.000013 0.312921 0.591123 0.000010 0.000010
0.047341 0.000010 0.275088 0.677540 0.000010 0.000010
0.073562 0.000010 0.182630 0.743778 0.000010 0.000010
0.007687 0.000010 0.324418 0.667865 0.000010 0.000010
0.171121 0.000010 0.274986 0.553863 0.000010 0.000010
0.580662 0.001687 0.144866 0.031507 0.006837 0.234441
0.463838 0.000010 0.154818 0.377636 0.000308 0.003390
0.832719 0.001422 0.155387 0.000010 0.000010 0.010452
0.134282 0.000016 0.272944 0.592739 0.000010 0.000010
0.063344 0.000010 0.298382 0.617566 0.000509 0.020189
0.093917 0.000014 0.202876 0.703173 0.000010 0.000010
0.023666 0.000014 0.324055 0.652245 0.000010 0.000010
0.084762 0.000010 0.220085 0.695124 0.000010 0.000010
0.608162 0.000010 0.086731 0.300202 0.000010 0.004885
0.379540 0.000800 0.253138 0.363111 0.000010 0.003401
0.852245 0.000011 0.142172 0.000010 0.000010 0.005552
0.142148 0.000010 0.202826 0.654996 0.000010 0.000010
0.089941 0.000010 0.240944 0.667995 0.000010 0.001100
0.201836 0.000010 0.221258 0.576876 0.000010 0.000010
0.464528 0.000010 0.143969 0.391473 0.000010 0.000010
0.261639 0.000010 0.227063 0.485608 0.005442 0.020238
0.244071 0.000010 0.197100 0.558799 0.000010 0.000010
0.499808 0.000010 0.178606 0.321556 0.000010 0.000010
0.858272 0.000010 0.109919 0.000010 0.000010 0.031778
0.421698 0.000010 0.223360 0.335165 0.000010 0.019756
0.101179 0.000010 0.198211 0.700578 0.000013 0.000010
0.168385 0.000010 0.198286 0.633296 0.000013 0.000010
0.395552 0.000010 0.112338 0.492080 0.000010 0.000010
0.226540 0.069433 0.219804 0.452363 0.001749 0.030111
0.248724 0.000010 0.232121 0.515358 0.000010 0.003777
0.062557 0.000010 0.316328 0.621086 0.000010 0.000010
0.893989 0.000010 0.087835 0.000010 0.000010 0.018146
0.420238 0.000704 0.225844 0.351224 0.000010 0.001980
0.137733 0.000339 0.206747 0.650118 0.000010 0.005053
0.161937 0.002197 0.223900 0.611946 0.000010 0.000010
0.343384 0.000010 0.189878 0.466708 0.000010 0.000010
0.300683 0.040414 0.206543 0.426157 0.000010 0.026193
0.232105 0.001073 0.332031 0.434771 0.000010 0.000010
0.045162 0.000010 0.225537 0.729271 0.000010 0.000010
0.602609 0.000010 0.042109 0.000010 0.000010 0.355252
0.523618 0.000314 0.092922 0.383124 0.000012 0.000010
0.135720 0.002471 0.215786 0.646003 0.000010 0.000010
0.197789 0.000010 0.244756 0.557424 0.000010 0.000010
0.240578 0.000017 0.288270 0.471115 0.000010 0.000010
0.358473 0.037194 0.178093 0.420960 0.000793 0.004487
0.288761 0.000018 0.127170 0.584031 0.000010 0.000010
0.054755 0.001530 0.308581 0.634919 0.000204 0.000010
0.558462 0.000010 0.028414 0.000010 0.000010 0.413094
0.521023 0.000010 0.162210 0.316737 0.000010 0.000010
0.143727 0.001816 0.152653 0.701784 0.000010 0.000010
0.186558 0.000010 0.218066 0.594012 0.001344 0.000010
0.248330 0.000010 0.209960 0.540669 0.001020 0.000010
0.291838 0.008415 0.213524 0.457352 0.000572 0.028300
0.328146 0.000010 0.165420 0.506405 0.000010 0.000010
0.039720 0.000010 0.356408 0.602952 0.000900 0.000010
0.507860 0.000010 0.168381 0.058906 0.000010 0.264833
0.442719 0.000010 0.179134 0.363417 0.000010 0.014710
0.033145 0.002753 0.251961 0.711569 0.000562 0.000010
0.206480 0.000010 0.179384 0.614106 0.000010 0.000010
0.000010 0.000010 0.988079 0.011881 0.000010 0.000010
0.276134 0.002846 0.219894 0.477088 0.002235 0.021802
0.000010 0.000010 0.000010 0.999950 0.000010 0.000010
0.066277 0.000010 0.381756 0.551937 0.000010 0.000010
0.413128 0.004937 0.049059 0.000010 0.003701 0.529165
0.275477 0.000010 0.246918 0.477575 0.000010 0.000010
0.086088 0.000010 0.449353 0.464529 0.000010 0.000010
0.346905 0.000011 0.199774 0.452101 0.001199 0.000010
0.107054 0.000034 0.334471 0.558421 0.000010 0.000010
0.269700 0.002916 0.179568 0.268138 0.000010 0.279669
0.561763 0.000010 0.034786 0.000010 0.000010 0.403420
0.397941 0.000010 0.089278 0.000010 0.000626 0.512136
0.045422 0.002914 0.505498 0.446146 0.000010 0.000010
0.165912 0.000010 0.358142 0.475917 0.000010 0.000010
0.084254 0.000019 0.552303 0.361430 0.000010 0.001984
0.323992 0.000010 0.177036 0.498942 0.000010 0.000010
0.061356 0.000010 0.375162 0.562749 0.000713 0.000010
0.627053 0.001287 0.111248 0.192790 0.000010 0.067612
0.602585 0.000016 0.038620 0.000010 0.001414 0.357354
0.442312 0.000010 0.066681 0.000010 0.000010 0.490977
0.041304 0.000010 0.385024 0.573642 0.000010 0.000010
0.252389 0.000010 0.264649 0.482932 0.000010 0.000010
0.093905 0.000010 0.487871 0.418194 0.000010 0.000010
0.350321 0.000010 0.172954 0.476695 0.000010 0.000010
0.085012 0.000010 0.372466 0.542492 0.000010 0.000010
0.673940 0.000734 0.139548 0.155523 0.000010 0.030245
0.521090 0.000010 0.131790 0.007049 0.000010 0.340051
0.385778 0.000010 0.088658 0.000010 0.000010 0.525534
0.028524 0.000010 0.392733 0.578706 0.000017 0.000010
0.174728 0.000010 0.296394 0.527988 0.000869 0.000010
0.101082 0.000415 0.522247 0.375758 0.000487 0.000010
0.375097 0.000010 0.230010 0.394864 0.000010 0.000010
0.075851 0.000010 0.291125 0.631957 0.000010 0.001047
0.619784 0.000010 0.165048 0.198369 0.000010 0.016780
0.454777 0.000010 0.152370 0.379199 0.000010 0.013634
0.423675 0.001589 0.060765 0.000010 0.002769 0.511192
0.053534 0.000010 0.412134 0.534303 0.000010 0.000010
0.127865 0.000010 0.346280 0.525547 0.000010 0.000288
0.095923 0.000010 0.444733 0.459314 0.000010 0.000010
0.335270 0.000010 0.262032 0.402667 0.000010 0.000010
0.031831 0.000010 0.233462 0.734676 0.000010 0.000010
0.693755 0.000841 0.057320 0.222249 0.000010 0.025824
0.327691 0.000010 0.290449 0.361311 0.000010 0.020528
0.000010 0.000010 0.416062 0.583898 0.000010 0.000010
0.124994 0.000010 0.292664 0.582312 0.000010 0.000010
0.533245 0.000010 0.125784 0.340940 0.000010 0.000010
0.418638 0.000010 0.163636 0.417696 0.000010 0.000010
0.515158 0.000010 0.210876 0.273936 0.000010 0.000010
0.057335 0.001042 0.300013 0.339671 0.003360 0.298580
0.654232 0.001999 0.110822 0.175263 0.000010 0.057674
0.324379 0.000010 0.296561 0.355993 0.001228 0.021829
0.000010 0.000869 0.415647 0.582429 0.000010 0.001035
0.119290 0.000010 0.304416 0.573578 0.000737 0.001969
0.539871 0.000010 0.126657 0.333443 0.000010 0.000010
0.422251 0.000010 0.165246 0.411835 0.000648 0.000010
0.509443 0.000092 0.222899 0.265145 0.000010 0.002410
0.066977 0.001011 0.310046 0.324580 0.000353 0.297033
0.647507 0.000010 0.106072 0.187614 0.001056 0.057740
0.126116 0.000010 0.355339 0.516209 0.000010 0.002316
0.002777 0.000010 0.390677 0.598360 0.000966 0.007210
0.302710 0.000010 0.233372 0.431492 0.000010 0.032405
0.405574 0.000010 0.200245 0.394147 0.000015 0.000010
0.406373 0.000364 0.159825 0.433418 0.000010 0.000010
0.696688 0.000010 0.128571 0.174711 0.000010 0.000010
0.189910 0.000010 0.205346 0.146987 0.000010 0.457738
0.289541 0.000010 0.235408 0.475021 0.000010 0.000010
0.403919 0.000010 0.087669 0.000010 0.000010 0.508382
0.028080 0.000010 0.317040 0.654849 0.000010 0.000010
0.082148 0.001538 0.256727 0.656220 0.000695 0.002671
0.470714 0.000010 0.136183 0.392300 0.000783 0.000010
0.421578 0.004100 0.181360 0.392942 0.000010 0.000010
0.519827 0.000010 0.142682 0.337462 0.000010 0.000010
0.231679 0.000010 0.220727 0.139722 0.003694 0.404167
0.221783 0.000010 0.308389 0.469797 0.000010 0.000010
0.329041 0.000010 0.225718 0.445211 0.000010 0.000010
0.089350 0.000010 0.338229 0.564178 0.000757 0.007477
0.161134 0.000010 0.259208 0.577586 0.000010 0.002053
0.519953 0.000010 0.103047 0.365311 0.000010 0.011669
0.387522 0.000010 0.194320 0.418128 0.000010 0.000010
0.671493 0.002331 0.145020 0.181136 0.000010 0.000010
0.272417 0.000010 0.188092 0.086388 0.003315 0.449778
0.262198 0.000010 0.291421 0.446351 0.000010 0.000010
0.282867 0.000010 0.307748 0.392235 0.000010 0.017130
0.019250 0.000010 0.386473 0.594247 0.000010 0.000010
0.000010 0.000010 0.000010 0.999942 0.000018 0.000010
0.520929 0.000010 0.134185 0.344855 0.000010 0.000010
0.453695 0.000010 0.124280 0.393636 0.000010 0.028368
0.418769 0.000010 0.080532 0.500669 0.000010 0.000010
0.487373 0.000010 0.204516 0.175593 0.000010 0.132498
0.475385 0.000010 0.133495 0.000010 0.012375 0.378725
0.223193 0.000010 0.078285 0.000010 0.000010 0.698492
0.506974 0.000010 0.021307 0.000010 0.000010 0.471689
0.440987 0.000010 0.218769 0.333348 0.000010 0.006876
0.406604 0.000010 0.118248 0.475114 0.000014 0.000010
0.403141 0.000010 0.185326 0.384713 0.001489 0.025321
0.416529 0.015486 0.113532 0.000010 0.008939 0.445505
0.189801 0.000010 0.077148 0.000010 0.001090 0.731942
0.000010 0.000010 0.234421 0.765539 0.000010 0.000010
0.519333 0.000010 0.142376 0.026901 0.000010 0.311370
0.316067 0.000010 0.269715 0.414188 0.000010 0.000010
0.403651 0.000010 0.217096 0.372197 0.000010 0.007036
0.367802 0.000010 0.144076 0.488092 0.000010 0.000010
0.424571 0.005018 0.207983 0.271159 0.000010 0.091259
0.410044 0.009382 0.092239 0.000010 0.005535 0.482789
0.149415 0.000010 0.087549 0.000010 0.000010 0.763006
0.536003 0.000010 0.204891 0.258999 0.000087 0.000010
0.489799 0.000934 0.030492 0.000010 0.000773 0.477992
0.644504 0.000010 0.126006 0.229068 0.000402 0.000010
0.436706 0.009351 0.109166 0.016600 0.002139 0.426038
0.000010 0.000010 0.307140 0.692820 0.000010 0.000010
0.303983 0.000449 0.169962 0.396272 0.000169 0.129165
0.415031 0.005255 0.115526 0.000010 0.007699 0.456478
0.000010 0.586182 0.025686 0.000010 0.104504 0.283609
0.587459 0.000010 0.172844 0.239667 0.000010 0.000010
0.000010 0.000010 0.999950 0.000010 0.000010 0.000010
0.670656 0.000010 0.123579 0.205735 0.000010 0.000010
0.000010 0.000010 0.247042 0.752918 0.000010 0.000010
0.530428 0.000010 0.099910 0.369632 0.000010 0.000010
0.541076 0.000010 0.175643 0.283252 0.000010 0.000010
0.000010 0.000010 0.350633 0.649327 0.000010 0.000010
0.000010 0.640528 0.010639 0.000010 0.105000 0.243814
0.120445 0.000982 0.373201 0.505352 0.000010 0.000010
0.172378 0.000010 0.288535 0.539056 0.000010 0.000010
0.656497 0.000010 0.086064 0.257409 0.000010 0.000010
0.008853 0.000010 0.289914 0.701203 0.000010 0.000010
0.591450 0.000010 0.050385 0.358135 0.000010 0.000010
0.606978 0.000010 0.135925 0.257067 0.000010 0.000010
0.051035 0.000010 0.375648 0.573287 0.000010 0.000010
0.000010 0.667082 0.000010 0.000010 0.094105 0.238783
0.000010 0.000010 0.962697 0.037263 0.000010 0.000010
0.170862 0.000010 0.322010 0.507098 0.000010 0.000010
0.575956 0.000010 0.185367 0.238647 0.000010 0.000010
0.149403 0.000010 0.446329 0.404239 0.000010 0.000010
0.619292 0.000010 0.122687 0.257991 0.000010 0.000010
0.527122 0.000010 0.172663 0.300185 0.000010 0.000010
0.161225 0.000010 0.223174 0.615571 0.000010 0.000010
0.000010 0.645630 0.000010 0.000010 0.107814 0.246525
0.382238 0.000010 0.257336 0.360396 0.000010 0.000010
0.192171 0.000010 0.275759 0.532041 0.000010 0.000010
0.650826 0.000010 0.085566 0.263578 0.000010 0.000010
0.174283 0.000010 0.441009 0.384678 0.000010 0.000010
0.216377 0.000010 0.168787 0.614806 0.000010 0.000010
0.535411 0.000010 0.085357 0.379202 0.000010 0.000010
0.000010 0.000010 0.324116 0.669261 0.000010 0.006592
0.388408 0.000010 0.122264 0.489297 0.000010 0.000010
0.333084 0.000010 0.324826 0.342060 0.000010 0.000010
0.440561 0.000999 0.178981 0.112497 0.000010 0.266953
0.588323 0.000010 0.233235 0.178412 0.000010 0.000010
0.141386 0.000010 0.418297 0.440287 0.000010 0.000010
0.547999 0.000010 0.026681 0.000010 0.000010 0.425290
0.634755 0.000010 0.114332 0.250883 0.000010 0.000010
0.163604 0.000010 0.431185 0.405181 0.000010 0.000010
0.371320 0.000010 0.181946 0.433905 0.001449 0.011371
0.251379 0.000010 0.203339 0.545252 0.000010 0.000010
0.291320 0.000010 0.151566 0.557084 0.000010 0.000010
0.446006 0.000010 0.169119 0.303409 0.000010 0.081445
0.101342 0.000010 0.410413 0.488215 0.000010 0.000010
0.456993 0.000010 0.059889 0.000010 0.000010 0.483088
0.457349 0.000010 0.196426 0.346195 0.000010 0.000010
0.153042 0.014081 0.337977 0.494880 0.000010 0.000010
0.000010 0.000010 0.252539 0.747421 0.000010 0.000010
0.283322 0.000010 0.141425 0.575223 0.000010 0.000010
0.705708 0.000010 0.071581 0.196711 0.000010 0.025980
0.084954 0.000010 0.367057 0.471343 0.000010 0.076626
0.252364 0.000010 0.054527 0.000010 0.000010 0.693079
0.446016 0.000010 0.095388 0.000010 0.000010 0.458566
0.449868 0.000010 0.183411 0.366170 0.000531 0.000010
0.158030 0.000010 0.087521 0.000010 0.000010 0.754419
0.000010 0.000010 0.278341 0.721619 0.000010 0.000010
0.412438 0.000010 0.100221 0.000010 0.000010 0.487310
0.776196 0.000010 0.133841 0.037201 0.000010 0.052742
0.515157 0.000010 0.123278 0.361535 0.000010 0.000010
0.416654 0.000010 0.141765 0.441551 0.000010 0.000010
0.174038 0.000010 0.208077 0.617855 0.000010 0.000010
0.365673 0.000010 0.209746 0.411502 0.000010 0.013058
0.200009 0.000010 0.078634 0.000010 0.000010 0.721326
0.000010 0.000010 0.000010 0.999950 0.000010 0.000010
0.359326 0.000010 0.114118 0.526526 0.000010 0.000010
0.339150 0.000010 0.175131 0.485689 0.000010 0.000010
0.845319 0.000010 0.154641 0.000010 0.000010 0.000010
0.757955 0.000010 0.138960 0.081146 0.000010 0.021919
0.421667 0.000010 0.183561 0.393711 0.001041 0.000010
0.529899 0.020428 0.115456 0.000010 0.000010 0.334197
0.103303 0.000010 0.381901 0.508589 0.000010 0.006188
0.338192 0.000010 0.246231 0.415547 0.000010 0.000010
0.768901 0.000010 0.124843 0.030008 0.000010 0.076229
0.845940 0.000010 0.154020 0.000010 0.000010 0.000010
0.805722 0.000010 0.089534 0.076839 0.000010 0.027884
0.373400 0.000010 0.154577 0.471993 0.000010 0.000010
0.454441 0.011532 0.097631 0.062862 0.004012 0.369521
0.406083 0.000010 0.142020 0.451866 0.000010 0.000010
0.777561 0.000010 0.107656 0.103028 0.000010 0.011735
0.773417 0.000010 0.121640 0.000010 0.000010 0.104913
0.390189 0.000010 0.119606 0.490175 0.000010 0.000010
0.740063 0.000010 0.111012 0.000010 0.000010 0.148895
0.704544 0.000010 0.089129 0.000010 0.000010 0.206297
0.250772 0.000010 0.214662 0.534536 0.000010 0.000010
0.827380 0.000010 0.141537 0.031053 0.000010 0.000010
0.479108 0.000010 0.191124 0.329165 0.000583 0.000010
0.350131 0.000010 0.184892 0.464946 0.000010 0.000010
0.774344 0.000010 0.061093 0.071176 0.000010 0.093367
0.789031 0.000010 0.043234 0.152467 0.000010 0.015248
0.717234 0.000010 0.115718 0.011062 0.000010 0.155966
0.686120 0.000010 0.112121 0.000010 0.000010 0.201730
0.819651 0.000010 0.117153 0.063166 0.000010 0.000010
0.865659 0.000010 0.123751 0.010560 0.000010 0.000010
0.663721 0.000010 0.076093 0.258853 0.001313 0.000010
0.574604 0.000010 0.058849 0.141680 0.002124 0.222733
0.737556 0.000010 0.109473 0.015626 0.000010 0.137324
0.821711 0.000010 0.125151 0.053108 0.000010 0.000010
0.702423 0.000010 0.104541 0.035339 0.000010 0.157677
0.660947 0.000010 0.055130 0.042133 0.000562 0.241218
0.260351 0.000010 0.196015 0.543604 0.000010 0.000010
0.820016 0.001369 0.100390 0.078205 0.000010 0.000010
0.231782 0.000010 0.229508 0.142898 0.000010 0.395791
0.224718 0.000010 0.181548 0.593704 0.000010 0.000010
0.502221 0.002748 0.164243 0.061755 0.000515 0.268517
0.844685 0.000010 0.122041 0.024393 0.000888 0.007983
0.732590 0.000010 0.100347 0.000010 0.000010 0.167033
0.695251 0.000010 0.072151 0.038268 0.000010 0.194310
0.230168 0.000010 0.188022 0.580898 0.000893 0.000010
0.818786 0.000010 0.181174 0.000010 0.000010 0.000010
0.333130 0.000010 0.163586 0.439851 0.000269 0.063154
0.295956 0.000010 0.137366 0.566648 0.000011 0.000010
0.563770 0.004682 0.098421 0.000010 0.000010 0.333107
0.768117 0.000010 0.073216 0.128230 0.000010 0.030418
0.700188 0.000010 0.117854 0.000010 0.000010 0.181928
0.763076 0.000010 0.083514 0.000010 0.000010 0.153379
0.293853 0.000010 0.209591 0.493133 0.003404 0.000010
0.842272 0.000010 0.115696 0.034471 0.000010 0.007540
0.405739 0.004543 0.060678 0.000010 0.000984 0.528047
0.846945 0.000010 0.153015 0.000010 0.000010 0.000010
0.545241 0.003206 0.079922 0.068095 0.001027 0.302510
0.737741 0.000010 0.080638 0.146353 0.000010 0.035248
0.686291 0.000010 0.142511 0.000010 0.000010 0.171168
0.744076 0.000010 0.061224 0.000010 0.000010 0.194669
0.209663 0.000010 0.211776 0.578531 0.000010 0.000010
0.785666 0.000010 0.187148 0.027156 0.000010 0.000010
0.043327 0.001735 0.366977 0.586745 0.001206 0.000010
0.801909 0.000010 0.127571 0.047236 0.000010 0.023264
0.458624 0.010174 0.144368 0.072429 0.000394 0.314011
0.851082 0.000010 0.148878 0.000010 0.000010 0.000010
0.774400 0.000010 0.112535 0.096851 0.000010 0.016193
0.452612 0.000010 0.182382 0.364976 0.000010 0.000010
0.537527 0.013569 0.093034 0.013841 0.001686 0.340343
0.249048 0.000010 0.265443 0.485478 0.000010 0.000010
0.156579 0.000010 0.374152 0.469237 0.000012 0.000010
0.506018 0.000010 0.133163 0.358010 0.002789 0.000010
0.510680 0.009662 0.139701 0.020664 0.001542 0.317751
0.869041 0.000010 0.130919 0.000010 0.000010 0.000010
0.722916 0.000010 0.147612 0.063040 0.000010 0.066413
0.501662 0.000010 0.201291 0.294591 0.002436 0.000010
0.521142 0.029540 0.104884 0.020626 0.000010 0.323799
0.034240 0.000014 0.331766 0.633961 0.000010 0.000010
0.021106 0.000817 0.493378 0.484679 0.000010 0.000010
0.508341 0.012035 0.076300 0.077664 0.000010 0.325650
0.368203 0.000010 0.082935 0.548832 0.000010 0.000010
0.844721 0.000010 0.094322 0.059755 0.000010 0.001183
0.000010 0.000010 0.000010 0.999950 0.000010 0.000010
0.000010 0.000010 0.977718 0.022242 0.000010 0.000010
0.000010 0.000010 0.999950 0.000010 0.000010 0.000010
0.000010 0.000010 0.869619 0.130341 0.000010 0.000010
0.000010 0.000010 0.996650 0.003310 0.000010 0.000010
0.000010 0.000010 0.967110 0.032850 0.000010 0.000010
0.000010 0.000010 0.983603 0.016357 0.000010 0.000010
0.006586 0.000010 0.983855 0.009529 0.000010 0.000010
0.000010 0.000010 0.963612 0.036344 0.000014 0.000010
0.000010 0.000010 0.999950 0.000010 0.000010 0.000010
0.000010 0.000010 0.997720 0.002240 0.000010 0.000010
0.000010 0.000010 0.981965 0.017995 0.000010 0.000010
0.000010 0.000010 0.931407 0.068553 0.000010 0.000010
0.000010 0.000010 0.999950 0.000010 0.000010 0.000010
0.000010 0.000010 0.999950 0.000010 0.000010 0.000010
0.000010 0.000010 0.999950 0.000010 0.000010 0.000010
0.000010 0.000010 0.986144 0.013816 0.000010 0.000010
0.000010 0.000010 0.992546 0.007414 0.000010 0.000010
0.000010 0.000010 0.999950 0.000010 0.000010 0.000010
0.000010 0.000010 0.999950 0.000010 0.000010 0.000010
0.000010 0.000010 0.999950 0.000010 0.000010 0.000010
0.000010 0.000010 0.999950 0.000010 0.000010 0.000010
0.017161 0.000010 0.934584 0.048225 0.000010 0.000010
0.015629 0.000010 0.984331 0.000010 0.000010 0.000010
0.000010 0.000010 0.999950 0.000010 0.000010 0.000010
0.000010 0.000010 0.988874 0.011086 0.000010 0.000010
0.000010 0.000010 0.949310 0.050650 0.000010 0.000010
0.000010 0.000010 0.999750 0.000210 0.000010 0.000010
0.000010 0.000010 0.999950 0.000010 0.000010 0.000010
0.000010 0.000010 0.999950 0.000010 0.000010 0.000010
0.009330 0.000010 0.902807 0.087833 0.000010 0.000010
0.000010 0.000010 0.781683 0.218277 0.000010 0.000010
0.000010 0.000010 0.887295 0.112665 0.000010 0.000010
0.000010 0.000010 0.933436 0.066524 0.000010 0.000010
0.000010 0.000010 0.954452 0.045508 0.000010 0.000010
0.000010 0.000010 0.999950 0.000010 0.000010 0.000010
0.000010 0.000010 0.961174 0.038786 0.000010 0.000010
0.000010 0.000010 0.993878 0.006082 0.000010 0.000010
0.000010 0.000010 0.999950 0.000010 0.000010 0.000010
0.010824 0.000010 0.962101 0.027045 0.000010 0.000010
0.000010 0.000010 0.999950 0.000010 0.000010 0.000010
0.000010 0.000010 0.999914 0.000046 0.000010 0.000010
0.000010 0.000010 0.999950 0.000010 0.000010 0.000010
0.000010 0.000010 0.981426 0.018534 0.000010 0.000010
0.013346 0.000010 0.986614 0.000010 0.000010 0.000010
0.013020 0.000010 0.986940 0.000010 0.000010 0.000010
0.014298 0.000010 0.985662 0.000010 0.000010 0.000010
0.015719 0.000010 0.984241 0.000010 0.000010 0.000010
0.000010 0.000010 0.985584 0.014376 0.000010 0.000010
0.000010 0.000010 0.966267 0.033693 0.000010 0.000010
0.000010 0.000010 0.999950 0.000010 0.000010 0.000010
0.000010 0.000010 0.999950 0.000010 0.000010 0.000010
0.000010 0.000010 0.999950 0.000010 0.000010 0.000010
0.000010 0.000010 0.999950 0.000010 0.000010 0.000010
0.000010 0.000010 0.999950 0.000010 0.000010 0.000010
0.000010 0.000010 0.999950 0.000010 0.000010 0.000010
0.000010 0.000010 0.999950 0.000010 0.000010 0.000010
0.000010 0.000010 0.999950 0.000010 0.000010 0.000010
0.000010 0.000010 0.999950 0.000010 0.000010 0.000010
0.000010 0.000010 0.999950 0.000010 0.000010 0.000010
0.000010 0.000010 0.962051 0.037909 0.000010 0.000010
0.000010 0.000010 0.999950 0.000010 0.000010 0.000010
0.000010 0.000010 0.999950 0.000010 0.000010 0.000010
0.000010 0.000010 0.929534 0.070426 0.000010 0.000010
0.000010 0.000010 0.999950 0.000010 0.000010 0.000010
0.007043 0.000010 0.989690 0.003237 0.000010 0.000010
0.000010 0.000010 0.999950 0.000010 0.000010 0.000010
0.000514 0.000010 0.999446 0.000010 0.000010 0.000010
0.000010 0.000010 0.999950 0.000010 0.000010 0.000010
0.022290 0.000010 0.977391 0.000289 0.000010 0.000010
0.000010 0.000010 0.999950 0.000010 0.000010 0.000010
0.000010 0.000010 0.999950 0.000010 0.000010 0.000010
0.013812 0.000010 0.986148 0.000010 0.000010 0.000010
0.000010 0.000010 0.999950 0.000010 0.000010 0.000010
0.000014 0.000010 0.928702 0.071253 0.000010 0.000010
0.000010 0.000010 0.999950 0.000010 0.000010 0.000010
0.000010 0.000010 0.965165 0.034795 0.000010 0.000010
0.000010 0.000010 0.986909 0.013051 0.000010 0.000010
0.000010 0.000010 0.999950 0.000010 0.000010 0.000010
0.012928 0.000010 0.972721 0.014321 0.000010 0.000010
0.000010 0.000010 0.974900 0.025060 0.000010 0.000010
0.000010 0.000010 0.999950 0.000010 0.000010 0.000010
0.000010 0.000010 0.977308 0.022652 0.000010 0.000010
0.009293 0.000010 0.990667 0.000010 0.000010 0.000010
0.000010 0.000010 0.972297 0.027663 0.000010 0.000010
0.000010 0.000010 0.974139 0.025821 0.000010 0.000010
0.000010 0.000010 0.999950 0.000010 0.000010 0.000010
0.000010 0.000010 0.999950 0.000010 0.000010 0.000010
0.000010 0.000010 0.999950 0.000010 0.000010 0.000010
0.000010 0.000010 0.999950 0.000010 0.000010 0.000010
0.000010 0.000010 0.999950 0.000010 0.000010 0.000010
0.000010 0.000010 0.999950 0.000010 0.000010 0.000010
0.000010 0.000010 0.998453 0.001507 0.000010 0.000010
0.000010 0.000010 0.999950 0.000010 0.000010 0.000010
0.000010 0.000010 0.978827 0.021133 0.000010 0.000010
0.000010 0.000010 0.999950 0.000010 0.000010 0.000010
0.007003 0.000010 0.919217 0.073750 0.000010 0.000010
0.014568 0.000010 0.985392 0.000010 0.000010 0.000010
0.000010 0.000010 0.920015 0.079945 0.000010 0.000010
0.000010 0.000010 0.999950 0.000010 0.000010 0.000010
0.000018 0.000010 0.999942 0.000010 0.000010 0.000010
0.000010 0.000010 0.964568 0.035392 0.000010 0.000010
0.000010 0.000010 0.921037 0.078923 0.000010 0.000010
0.000014 0.000010 0.957221 0.042735 0.000010 0.000010
0.000010 0.000010 0.983367 0.016593 0.000010 0.000010
0.000010 0.000010 0.918302 0.081658 0.000010 0.000010
0.000010 0.000010 0.999950 0.000010 0.000010 0.000010
0.000010 0.000010 0.999950 0.000010 0.000010 0.000010
0.000010 0.000010 0.981096 0.018864 0.000010 0.000010
0.006574 0.000017 0.930519 0.062871 0.000010 0.000010
0.000010 0.000010 0.931246 0.068714 0.000010 0.000010
0.000010 0.000010 0.961028 0.038932 0.000010 0.000010
0.000010 0.000010 0.999950 0.000010 0.000010 0.000010
0.000010 0.000010 0.992340 0.007218 0.000010 0.000412
0.048659 0.002103 0.881252 0.067133 0.000010 0.000844
0.000010 0.000010 0.925636 0.074324 0.000010 0.000010
0.000010 0.000010 0.999950 0.000010 0.000010 0.000010
0.000010 0.000010 0.933263 0.066697 0.000010 0.000010
0.000010 0.000010 0.999950 0.000010 0.000010 0.000010
0.000010 0.000010 0.906526 0.083950 0.001433 0.008072
0.000010 0.000010 0.999950 0.000010 0.000010 0.000010
0.000010 0.000010 0.980799 0.019161 0.000010 0.000010
0.000010 0.000010 0.963372 0.036588 0.000010 0.000010
0.015249 0.000010 0.977819 0.006902 0.000010 0.000010
0.008293 0.000010 0.928444 0.063234 0.000010 0.000010
0.000010 0.000010 0.999950 0.000010 0.000010 0.000010
0.000010 0.000010 0.999950 0.000010 0.000010 0.000010
0.000010 0.000010 0.999950 0.000010 0.000010 0.000010
0.000010 0.000010 0.866362 0.133598 0.000010 0.000010
0.000010 0.000010 0.999950 0.000010 0.000010 0.000010
0.000010 0.000010 0.977101 0.022859 0.000010 0.000010
0.000010 0.000010 0.985748 0.014212 0.000010 0.000010
0.015834 0.000010 0.937032 0.047104 0.000010 0.000010
0.000010 0.000010 0.998034 0.001926 0.000010 0.000010
0.000010 0.000010 0.999950 0.000010 0.000010 0.000010
0.000010 0.000010 0.999950 0.000010 0.000010 0.000010
0.000010 0.000010 0.999950 0.000010 0.000010 0.000010
0.000010 0.000010 0.963911 0.036046 0.000012 0.000010
0.000010 0.000010 0.999677 0.000283 0.000010 0.000010
0.000010 0.000010 0.983059 0.016901 0.000010 0.000010
0.000010 0.000010 0.935797 0.064163 0.000010 0.000010
0.000010 0.000010 0.999950 0.000010 0.000010 0.000010
0.000010 0.000010 0.999950 0.000010 0.000010 0.000010
0.000010 0.000010 0.999950 0.000010 0.000010 0.000010
0.000010 0.000010 0.999950 0.000010 0.000010 0.000010
0.000010 0.000010 0.999950 0.000010 0.000010 0.000010
0.000010 0.000010 0.871401 0.128559 0.000010 0.000010
0.028328 0.000010 0.927835 0.043807 0.000010 0.000010
0.000010 0.000010 0.968195 0.031765 0.000010 0.000010
0.000010 0.000010 0.999950 0.000010 0.000010 0.000010
0.000010 0.000010 0.944982 0.054978 0.000010 0.000010
0.026742 0.000010 0.968269 0.004959 0.000010 0.000010
0.007665 0.000010 0.959937 0.032368 0.000010 0.000010
0.000010 0.000010 0.999358 0.000602 0.000010 0.000010
0.000010 0.000010 0.999950 0.000010 0.000010 0.000010
0.000010 0.000010 0.990912 0.009048 0.000010 0.000010
0.000010 0.000010 0.999950 0.000010 0.000010 0.000010
0.000010 0.000010 0.969543 0.030417 0.000010 0.000010
0.008348 0.000010 0.991611 0.000010 0.000011 0.000010
0.000010 0.000010 0.999950 0.000010 0.000010 0.000010
0.000010 0.000010 0.970829 0.029131 0.000010 0.000010
0.000010 0.000010 0.999950 0.000010 0.000010 0.000010
0.000010 0.000010 0.999950 0.000010 0.000010 0.000010
0.000010 0.000010 0.929954 0.069997 0.000019 0.000010
0.025242 0.000010 0.973251 0.001477 0.000010 0.000010
0.000010 0.000010 0.999950 0.000010 0.000010 0.000010
0.000010 0.000010 0.910450 0.089510 0.000010 0.000010
0.000010 0.000013 0.958573 0.041380 0.000015 0.000010
0.050308 0.000010 0.949652 0.000010 0.000010 0.000010
0.000010 0.000010 0.999950 0.000010 0.000010 0.000010
0.000010 0.000010 0.999950 0.000010 0.000010 0.000010
0.000010 0.000010 0.999950 0.000010 0.000010 0.000010
0.014677 0.000010 0.969922 0.015371 0.000010 0.000010
0.000010 0.000010 0.999950 0.000010 0.000010 0.000010
0.000010 0.000010 0.999950 0.000010 0.000010 0.000010
0.000010 0.000010 0.961061 0.038899 0.000010 0.000010
0.000010 0.000010 0.947382 0.052578 0.000010 0.000010
0.000010 0.000010 0.819912 0.180048 0.000010 0.000010
0.000010 0.000010 0.930565 0.069395 0.000010 0.000010
0.000010 0.000010 0.958544 0.041416 0.000010 0.000010
0.000010 0.000010 0.962630 0.037330 0.000010 0.000010
0.000010 0.000010 0.999950 0.000010 0.000010 0.000010
0.000010 0.000010 0.982587 0.017373 0.000010 0.000010
0.000010 0.000010 0.999950 0.000010 0.000010 0.000010
0.000010 0.000010 0.895524 0.104436 0.000010 0.000010
0.000010 0.000010 0.999950 0.000010 0.000010 0.000010
0.000010 0.000010 0.999950 0.000010 0.000010 0.000010
0.041176 0.000010 0.957922 0.000010 0.000872 0.000010
0.000010 0.000010 0.999950 0.000010 0.000010 0.000010
0.000010 0.000010 0.910212 0.089748 0.000010 0.000010
0.000010 0.000010 0.999950 0.000010 0.000010 0.000010
0.000010 0.000010 0.999950 0.000010 0.000010 0.000010
0.009431 0.000010 0.990529 0.000010 0.000010 0.000010
0.000010 0.000010 0.999950 0.000010 0.000010 0.000010
0.029848 0.000010 0.899493 0.070629 0.000010 0.000010
0.000010 0.000010 0.969272 0.030688 0.000010 0.000010
0.000010 0.000010 0.916812 0.083148 0.000010 0.000010
0.000010 0.001472 0.909711 0.066620 0.000726 0.021461
0.000010 0.000010 0.935459 0.064501 0.000010 0.000010
0.000010 0.000010 0.999950 0.000010 0.000010 0.000010
0.000010 0.000010 0.999950 0.000010 0.000010 0.000010
0.013222 0.000010 0.956136 0.030612 0.000010 0.000010
0.013388 0.000010 0.986572 0.000010 0.000010 0.000010
0.000010 0.000010 0.978582 0.021378 0.000011 0.000010
0.000010 0.000010 0.999950 0.000010 0.000010 0.000010
0.000010 0.000010 0.999950 0.000010 0.000010 0.000010
0.000010 0.000010 0.964175 0.035785 0.000010 0.000010
0.000010 0.000010 0.999950 0.000010 0.000010 0.000010
0.000010 0.000010 0.999950 0.000010 0.000010 0.000010
0.000010 0.000010 0.999950 0.000010 0.000010 0.000010
0.000010 0.000010 0.996826 0.003134 0.000010 0.000010
0.000010 0.000010 0.999950 0.000010 0.000010 0.000010
0.000010 0.000010 0.999950 0.000010 0.000010 0.000010
0.000010 0.000010 0.999950 0.000010 0.000010 0.000010
0.000010 0.000010 0.999950 0.000010 0.000010 0.000010
0.000010 0.000010 0.999949 0.000010 0.000011 0.000010
0.007702 0.000010 0.992258 0.000010 0.000010 0.000010
0.000010 0.000010 0.962948 0.037012 0.000010 0.000010
0.000010 0.000010 0.973853 0.026107 0.000010 0.000010
0.000010 0.000010 0.999950 0.000010 0.000010 0.000010
0.000010 0.000010 0.999950 0.000010 0.000010 0.000010
0.000010 0.000010 0.999950 0.000010 0.000010 0.000010
0.007278 0.000010 0.981609 0.011083 0.000010 0.000010
0.000010 0.000010 0.999950 0.000010 0.000010 0.000010
0.000010 0.000010 0.999950 0.000010 0.000010 0.000010
0.000010 0.000010 0.999950 0.000010 0.000010 0.000010
0.000010 0.000010 0.999950 0.000010 0.000010 0.000010
0.000010 0.000010 0.990353 0.009607 0.000010 0.000010
0.000010 0.000010 0.939775 0.060185 0.000010 0.000010
0.000010 0.000010 0.999950 0.000010 0.000010 0.000010
0.000010 0.000010 0.924766 0.075194 0.000010 0.000010
0.000010 0.000010 0.987851 0.012109 0.000010 0.000010
0.000010 0.000010 0.956250 0.043710 0.000010 0.000010
0.000010 0.000010 0.927947 0.072013 0.000010 0.000010
0.000010 0.000010 0.999950 0.000010 0.000010 0.000010
0.027470 0.002240 0.936374 0.032884 0.001023 0.000010
0.000010 0.000010 0.918628 0.081332 0.000010 0.000010
0.024522 0.000010 0.975438 0.000010 0.000010 0.000010
0.000010 0.000010 0.966982 0.032978 0.000010 0.000010
0.000018 0.000010 0.920117 0.079835 0.000010 0.000010
0.000010 0.000010 0.999950 0.000010 0.000010 0.000010
0.000010 0.000010 0.983140 0.016820 0.000010 0.000010
0.012182 0.000010 0.956056 0.031732 0.000010 0.000010
0.008788 0.000010 0.934595 0.056588 0.000010 0.000010
0.000010 0.000010 0.996384 0.003576 0.000010 0.000010
0.000010 0.000010 0.912556 0.087404 0.000010 0.000010
0.000010 0.000010 0.933757 0.066203 0.000010 0.000010
0.000010 0.000010 0.999950 0.000010 0.000010 0.000010
0.000010 0.000010 0.999950 0.000010 0.000010 0.000010
0.000010 0.000010 0.999950 0.000010 0.000010 0.000010
0.011472 0.000010 0.966174 0.022324 0.000010 0.000010
0.000010 0.000010 0.999950 0.000010 0.000010 0.000010
0.000010 0.000010 0.929829 0.070131 0.000010 0.000010
0.000010 0.000010 0.999950 0.000010 0.000010 0.000010
0.000010 0.000010 0.933651 0.066309 0.000010 0.000010
0.000010 0.000010 0.999950 0.000010 0.000010 0.000010
0.016841 0.000010 0.983119 0.000010 0.000010 0.000010
0.000010 0.000010 0.980118 0.019842 0.000010 0.000010
0.000010 0.000010 0.954567 0.045393 0.000010 0.000010
0.000010 0.000010 0.952825 0.047135 0.000010 0.000010
0.000010 0.000010 0.970824 0.029136 0.000010 0.000010
0.000010 0.000010 0.999950 0.000010 0.000010 0.000010
0.000010 0.000010 0.982831 0.017129 0.000010 0.000010
0.016066 0.000010 0.980502 0.003403 0.000010 0.000010
0.000010 0.000010 0.999950 0.000010 0.000010 0.000010
0.000441 0.000010 0.858319 0.141210 0.000010 0.000010
0.060232 0.000010 0.939728 0.000010 0.000010 0.000010
0.000010 0.000010 0.999950 0.000010 0.000010 0.000010
0.000010 0.000010 0.935150 0.064810 0.000010 0.000010
0.000010 0.000010 0.956231 0.043729 0.000010 0.000010
0.000010 0.000010 0.996309 0.003651 0.000010 0.000010
0.000010 0.000010 0.885145 0.114815 0.000010 0.000010
0.000010 0.000010 0.999950 0.000010 0.000010 0.000010
0.000010 0.000010 0.994239 0.000010 0.000010 0.005721
0.000010 0.000010 0.904724 0.095236 0.000010 0.000010
0.000010 0.000010 0.999950 0.000010 0.000010 0.000010
0.000010 0.000010 0.996783 0.003177 0.000010 0.000010
0.000010 0.000010 0.999950 0.000010 0.000010 0.000010
0.012416 0.000010 0.950327 0.037227 0.000010 0.000010
0.000010 0.000010 0.999950 0.000010 0.000010 0.000010
0.000010 0.000010 0.999950 0.000010 0.000010 0.000010
0.051773 0.000010 0.928407 0.019790 0.000010 0.000010
0.000010 0.000010 0.931765 0.068195 0.000010 0.000010
0.000010 0.000010 0.961407 0.038553 0.000010 0.000010
0.000010 0.000010 0.999950 0.000010 0.000010 0.000010
0.000010 0.000010 0.999950 0.000010 0.000010 0.000010
0.000010 0.000010 0.985146 0.014814 0.000010 0.000010
0.000010 0.000010 0.891012 0.108948 0.000010 0.000010
0.000010 0.000010 0.999950 0.000010 0.000010 0.000010
0.008234 0.000010 0.956752 0.034984 0.000010 0.000010
0.003736 0.001130 0.995104 0.000010 0.000010 0.000010
0.000010 0.000010 0.999950 0.000010 0.000010 0.000010
0.000010 0.000010 0.999950 0.000010 0.000010 0.000010
0.000010 0.000010 0.984609 0.015351 0.000010 0.000010
0.000010 0.000010 0.957625 0.034956 0.000010 0.007389
0.000010 0.000010 0.999950 0.000010 0.000010 0.000010
0.000164 0.000010 0.999795 0.000010 0.000011 0.000010
0.000010 0.000010 0.999950 0.000010 0.000010 0.000010
0.000010 0.000010 0.999950 0.000010 0.000010 0.000010
0.000010 0.000010 0.961200 0.038760 0.000010 0.000010
0.000010 0.000010 0.999950 0.000010 0.000010 0.000010
0.000010 0.000010 0.868431 0.131529 0.000010 0.000010
0.000010 0.000015 0.999945 0.000010 0.000010 0.000010
0.000010 0.000010 0.999950 0.000010 0.000010 0.000010
0.000010 0.000010 0.986525 0.013435 0.000010 0.000010
0.000010 0.000010 0.974109 0.025851 0.000010 0.000010
0.000010 0.000010 0.937182 0.062778 0.000010 0.000010
0.000010 0.000010 0.999950 0.000010 0.000010 0.000010
0.017185 0.000010 0.982775 0.000010 0.000010 0.000010
0.000010 0.000010 0.954513 0.045447 0.000010 0.000010
0.000010 0.000010 0.977710 0.022250 0.000010 0.000010
0.004596 0.000010 0.968594 0.026780 0.000010 0.000010
0.000010 0.000010 0.999950 0.000010 0.000010 0.000010
0.000010 0.000010 0.987163 0.012797 0.000010 0.000010
0.000010 0.000010 0.979164 0.020796 0.000010 0.000010
0.000010 0.000010 0.894816 0.105144 0.000010 0.000010
0.000010 0.000010 0.999950 0.000010 0.000010 0.000010
0.000010 0.000010 0.999950 0.000010 0.000010 0.000010
0.000010 0.000014 0.999946 0.000010 0.000010 0.000010
0.000010 0.000010 0.999950 0.000010 0.000010 0.000010
0.000010 0.000010 0.911366 0.088594 0.000010 0.000010
0.000010 0.000010 0.999950 0.000010 0.000010 0.000010
0.000010 0.000010 0.929605 0.070355 0.000010 0.000010
0.000010 0.000010 0.874223 0.125737 0.000010 0.000010
0.000010 0.000010 0.987826 0.012134 0.000010 0.000010
0.000010 0.000010 0.999950 0.000010 0.000010 0.000010
0.015744 0.000010 0.984216 0.000010 0.000010 0.000010
0.000010 0.000010 0.972875 0.023068 0.000010 0.004027
0.000010 0.000010 0.907616 0.092344 0.000010 0.000010
0.000010 0.000010 0.999950 0.000010 0.000010 0.000010
0.000010 0.000010 0.928062 0.071898 0.000010 0.000010
0.000010 0.000010 0.999950 0.000010 0.000010 0.000010
0.000010 0.000010 0.999950 0.000010 0.000010 0.000010
0.000010 0.000010 0.934705 0.065255 0.000010 0.000010
0.013090 0.000010 0.946674 0.040206 0.000010 0.000010
0.000010 0.000010 0.999950 0.000010 0.000010 0.000010
0.000010 0.000010 0.999950 0.000010 0.000010 0.000010
0.000010 0.000010 0.906691 0.093269 0.000010 0.000010
0.000010 0.000010 0.999950 0.000010 0.000010 0.000010
0.000010 0.000010 0.976390 0.023570 0.000010 0.000010
0.000010 0.000010 0.911879 0.088081 0.000010 0.000010
0.000010 0.000010 0.904761 0.095199 0.000010 0.000010
0.000010 0.000014 0.976364 0.023592 0.000010 0.000010
0.009278 0.000010 0.990682 0.000010 0.000010 0.000010
0.000010 0.000010 0.999950 0.000010 0.000010 0.000010
0.000010 0.000010 0.960616 0.039344 0.000010 0.000010
0.000010 0.000010 0.999950 0.000010 0.000010 0.000010
0.000010 0.000010 0.999943 0.000017 0.000010 0.000010
0.000010 0.000010 0.999950 0.000010 0.000010 0.000010
0.000010 0.000010 0.957243 0.042717 0.000010 0.000010
0.002707 0.000010 0.997253 0.000010 0.000010 0.000010
0.000010 0.000010 0.999950 0.000010 0.000010 0.000010
0.000010 0.000010 0.999950 0.000010 0.000010 0.000010
0.000010 0.000010 0.967020 0.032940 0.000010 0.000010
0.000010 0.000010 0.999950 0.000010 0.000010 0.000010
0.000010 0.000010 0.999950 0.000010 0.000010 0.000010
0.000010 0.000010 0.996684 0.003276 0.000010 0.000010
0.000010 0.000010 0.977003 0.022957 0.000010 0.000010
0.000010 0.000010 0.999950 0.000010 0.000010 0.000010
0.000010 0.000010 0.999668 0.000291 0.000011 0.000010
0.022437 0.000010 0.977523 0.000010 0.000010 0.000010
0.000010 0.000010 0.999950 0.000010 0.000010 0.000010
0.000010 0.000010 0.906283 0.093672 0.000014 0.000010
0.002674 0.000010 0.971860 0.025436 0.000010 0.000010
0.000010 0.000010 0.930658 0.069302 0.000010 0.000010
0.000010 0.000010 0.999950 0.000010 0.000010 0.000010
0.004844 0.000010 0.995116 0.000010 0.000010 0.000010
0.000010 0.000010 0.999950 0.000010 0.000010 0.000010
0.000010 0.000010 0.999950 0.000010 0.000010 0.000010
0.047172 0.000010 0.952788 0.000010 0.000010 0.000010
0.000010 0.000010 0.999950 0.000010 0.000010 0.000010
0.000010 0.000010 0.999950 0.000010 0.000010 0.000010
0.000010 0.000010 0.999950 0.000010 0.000010 0.000010
0.000010 0.000010 0.999950 0.000010 0.000010 0.000010
0.000010 0.000010 0.999950 0.000010 0.000010 0.000010
0.000010 0.000010 0.960493 0.039467 0.000010 0.000010
0.000010 0.000010 0.999950 0.000010 0.000010 0.000010
0.000010 0.000010 0.977015 0.022945 0.000010 0.000010
0.000010 0.000010 0.919519 0.080441 0.000010 0.000010
0.000010 0.000010 0.999950 0.000010 0.000010 0.000010
0.000010 0.000010 0.900448 0.099512 0.000010 0.000010
0.000010 0.000010 0.999950 0.000010 0.000010 0.000010
0.018149 0.000010 0.949206 0.032615 0.000010 0.000010
0.000010 0.000010 0.999950 0.000010 0.000010 0.000010
0.000010 0.000010 0.999950 0.000010 0.000010 0.000010
0.000010 0.000010 0.941311 0.058649 0.000010 0.000010
0.000010 0.000010 0.961222 0.038738 0.000010 0.000010
0.000010 0.000010 0.947006 0.052954 0.000010 0.000010
0.000010 0.000010 0.999950 0.000010 0.000010 0.000010
0.000010 0.000010 0.957215 0.042745 0.000010 0.000010
0.000010 0.000010 0.999950 0.000010 0.000010 0.000010
0.000010 0.000010 0.999950 0.000010 0.000010 0.000010
